1 0.04266957938671112 0.7939789891242981 0.027063777670264244 0.198033407330513
5 0.6545132398605347 0.817688524723053 0.05635509267449379 0.1404791623353958
14 0.3642807602882385 0.34358981251716614 0.030963346362113953 0.1257825791835785
5 0.3783333897590637 0.8937085270881653 0.05824168771505356 0.12490633875131607
14 0.6422165632247925 0.40727177262306213 0.03120614029467106 0.1582506000995636
11 0.5457257628440857 0.07408927381038666 0.01516026258468628 0.08497495949268341
14 0.8231611847877502 0.38013631105422974 0.03010750748217106 0.15439891815185547
14 0.953773558139801 0.3905986249446869 0.03001996874809265 0.1539517492055893
5 0.4856894612312317 0.8347010612487793 0.05808008462190628 0.139846533536911
11 0.6608059406280518 0.2395649254322052 0.014294425025582314 0.08236576616764069
14 0.47215303778648376 0.3020937144756317 0.030071452260017395 0.12840093672275543
11 0.9711470007896423 0.23555734753608704 0.013810897246003151 0.07993507385253906
14 0.499376118183136 0.3057432472705841 0.032426800578832626 0.12780775129795074
5 0.8108847141265869 0.8455186486244202 0.05571213737130165 0.13411405682563782
14 0.3107081353664398 0.35178184509277344 0.030530650168657303 0.12957432866096497
11 0.7638813853263855 0.2398231029510498 0.015109452418982983 0.08295897394418716
11 0.3023536801338196 0.6893380880355835 0.013877044431865215 0.07524000108242035
14 0.3913838267326355 0.3437187373638153 0.03132971376180649 0.1220262199640274
11 0.7893784046173096 0.7412891387939453 0.013169422745704651 0.07088273018598557
14 0.7190880179405212 0.37449759244918823 0.0284420233219862 0.16357006132602692
11 0.35667410492897034 0.072636678814888 0.014718351885676384 0.07957733422517776
11 0.686015784740448 0.07374845445156097 0.015547371469438076 0.08087044954299927
11 0.6087560653686523 0.23896022140979767 0.01437756884843111 0.082651786506176
14 0.849341094493866 0.39936527609825134 0.029317863285541534 0.15112948417663574
14 0.2840063273906708 0.356033056974411 0.03145761415362358 0.12235559523105621
14 0.7973604202270508 0.3573729991912842 0.030075307935476303 0.14345644414424896
14 0.901091992855072 0.35518452525138855 0.028903935104608536 0.14079855382442474
13 0.07039637118577957 0.12239982932806015 0.010972751304507256 0.15134084224700928
5 0.2706354558467865 0.8459218144416809 0.05732889473438263 0.13295957446098328
11 0.1949891597032547 0.6888372302055359 0.014392894692718983 0.07606629282236099
14 0.7453836798667908 0.40471744537353516 0.031700924038887024 0.15972073376178741
11 0.9194735884666443 0.23971189558506012 0.014323036186397076 0.07803408056497574
5 0.4320549964904785 0.8575574159622192 0.0570291243493557 0.13085685670375824
13 0.10700498521327972 0.9040024876594543 0.010704326443374157 0.1777297407388687
11 0.22195976972579956 0.18240530788898468 0.014900246635079384 0.07733809947967529
5 0.1619226187467575 0.9173386693000793 0.05906808376312256 0.11208909004926682
11 0.8676114082336426 0.240141361951828 0.014899035915732384 0.08170129358768463
11 0.6342878341674805 0.6319190263748169 0.015080795623362064 0.08175583928823471
14 0.5264922380447388 0.2966664135456085 0.0316142812371254 0.13989374041557312
14 0.6941246390342712 0.37060922384262085 0.03176402300596237 0.1515928953886032
11 0.1949591338634491 0.2419327050447464 0.014870054088532925 0.07883768528699875
5 0.6026011109352112 0.8593440651893616 0.05451278015971184 0.11221538484096527
14 0.418585866689682 0.343639999628067 0.02989063411951065 0.1341335028409958
13 0.0798303484916687 0.21136999130249023 0.010100510902702808 0.1673082560300827
11 0.5825777649879456 0.0995134636759758 0.014539641328155994 0.08246289938688278
11 0.4641681909561157 0.07049382477998734 0.01448268722742796 0.0785725936293602
5 0.7063859105110168 0.7910105586051941 0.05555477365851402 0.1369219571352005
11 0.8163047432899475 0.23835496604442596 0.015485977753996849 0.08296346664428711
11 0.8941863179206848 0.18147806823253632 0.014899125322699547 0.07994378358125687
14 0.6161664724349976 0.3795642852783203 0.027995314449071884 0.15596257150173187
11 0.46391424536705017 0.5676640272140503 0.013862021267414093 0.07071427255868912
5 0.21695172786712646 0.8786696791648865 0.05723485350608826 0.13035596907138824
11 0.7895922064781189 0.10200268775224686 0.01457982324063778 0.08075416088104248
14 0.14829431474208832 0.414885550737381 0.03040621429681778 0.13155902922153473
14 0.25659677386283875 0.3597186505794525 0.03069610893726349 0.1261991709470749
11 0.6858099699020386 0.5447307825088501 0.015064830891788006 0.07930176705121994
14 0.1760081797838211 0.41105392575263977 0.0318019837141037 0.12696059048175812
11 0.5831573009490967 0.7451357245445251 0.014416404999792576 0.09280280023813248
14 0.9275277256965637 0.3758452832698822 0.030135760083794594 0.14555613696575165
11 0.32983264327049255 0.10003231465816498 0.015530913136899471 0.08006785064935684
18 0.042814742773771286 0.23045289516448975 0.025251539424061775 0.4239308834075928
11 0.30266961455345154 0.18152430653572083 0.015254775062203407 0.0746162086725235
11 0.8938000202178955 0.5390902757644653 0.014479458332061768 0.0729900449514389
11 0.41040316224098206 0.1837453991174698 0.014734900556504726 0.07752112299203873
11 0.14057499170303345 0.10077957808971405 0.014924956485629082 0.07575780898332596
11 0.3828100860118866 0.21392419934272766 0.014730348251760006 0.0802965834736824
14 0.591037392616272 0.36422839760780334 0.031010253354907036 0.1524573713541031
11 0.49154427647590637 0.18251940608024597 0.01607247069478035 0.08196891844272614
11 0.16765731573104858 0.2896067202091217 0.014211313799023628 0.07374678552150726
11 0.3570585250854492 0.7714878916740417 0.015915488824248314 0.0843859389424324
11 0.24843859672546387 0.10048659890890121 0.015070728026330471 0.08255147933959961
11 0.27548280358314514 0.23719291388988495 0.014498517848551273 0.08006167411804199
14 0.2030329704284668 0.4091900885105133 0.03066137619316578 0.13009507954120636
13 0.08797485381364822 0.7428706288337708 0.011783787980675697 0.17487832903862
11 0.4371398091316223 0.10231263190507889 0.014215092174708843 0.07853566110134125
13 0.06970605999231339 0.767212450504303 0.010227099992334843 0.16855846345424652
11 0.8420557379722595 0.6273400187492371 0.01562652550637722 0.07561574876308441
11 0.7125356793403625 0.24102722108364105 0.015062902122735977 0.08911459892988205
13 0.10639102756977081 0.26313450932502747 0.010806126520037651 0.17630170285701752
11 0.8426516652107239 0.1257341057062149 0.015915870666503906 0.08573844283819199
11 0.6348151564598083 0.04582805559039116 0.015471940860152245 0.08513257652521133
11 0.7379443049430847 0.1268269419670105 0.014643728733062744 0.08055280148983002
11 0.14068809151649475 0.793651282787323 0.014976787380874157 0.0765550509095192
13 0.08763952553272247 0.08892299234867096 0.011348188854753971 0.1567920297384262
11 0.5184861421585083 0.0446794219315052 0.01461431011557579 0.08192770928144455
11 0.7380183339118958 0.6306080222129822 0.014913924969732761 0.081321582198143
14 0.7372073531150818 0.3886888325214386 0.03638937696814537 0.16276447474956512
11 0.2484983652830124 0.6011005640029907 0.015398932620882988 0.0785825252532959
13 0.09667548537254333 0.8237015604972839 0.009919978678226471 0.17988000810146332
13 0.07859930396080017 0.8465441465377808 0.01217909250408411 0.16543327271938324
11 0.410893052816391 0.6532657742500305 0.016421327367424965 0.07884093374013901
0 0.02444588579237461 0.5129475593566895 0.00421124929562211 0.8866191506385803
13 0.09720490127801895 0.18531863391399384 0.009900515899062157 0.15397082269191742
0 0.5667713284492493 0.5114437341690063 0.00634577265009284 0.8230462670326233
11 0.9455978870391846 0.12114614993333817 0.015236635692417622 0.08429306745529175
0 0.025193864479660988 0.5233981609344482 0.004419434815645218 0.8944469690322876
13 0.08921784907579422 0.10169071704149246 0.01125879492610693 0.17565038800239563
0 0.9922842979431152 0.5349709987640381 0.005696853622794151 0.858782172203064
