18 0.03596842661499977 0.5136135220527649 0.023370468989014626 0.22365739941596985
6 0.45730897784233093 0.4876147508621216 0.012139329686760902 0.1045323982834816
6 0.3594156503677368 0.7844660878181458 0.010166829451918602 0.11412053555250168
6 0.35934725403785706 0.4552670121192932 0.010384167544543743 0.10531847923994064
6 0.23309099674224854 0.455483615398407 0.010142339393496513 0.10542433708906174
6 0.5223913192749023 0.48641669750213623 0.01167336106300354 0.10471395403146744
6 0.23314981162548065 0.7827737927436829 0.011030914261937141 0.11034820973873138
1 0.035833489149808884 0.8040618896484375 0.02329866960644722 0.11794667690992355
6 0.5127466917037964 0.9076654314994812 0.01014680229127407 0.11563228815793991
6 0.8425742983818054 0.50245600938797 0.010337825864553452 0.11569152027368546
5 0.6540666818618774 0.9199358820915222 0.03391279652714729 0.052447449415922165
8 0.056026265025138855 0.8284744024276733 0.00756440032273531 0.08175122737884521
7 0.5445217490196228 0.8138599991798401 0.011946400627493858 0.06433136761188507
7 0.4802864193916321 0.5162969827651978 0.011188399977982044 0.07759986072778702
7 0.47960594296455383 0.8150307536125183 0.012552235275506973 0.07326064258813858
6 0.5865502953529358 0.4916307032108307 0.010760474018752575 0.10572505742311478
7 0.5448403358459473 0.5134345293045044 0.011988850310444832 0.06686442345380783
11 0.6424543857574463 0.8568112254142761 0.01178046502172947 0.03745991364121437
7 0.6084790825843811 0.81418776512146 0.013001658022403717 0.07315259426832199
6 0.5768221020698547 0.9064141511917114 0.01304301992058754 0.12466709315776825
7 0.30746349692344666 0.8157646059989929 0.01287422701716423 0.07395873218774796
11 0.1403292864561081 0.827961802482605 0.01183113269507885 0.04153251647949219
6 0.7779831290245056 0.5030937194824219 0.011126738972961903 0.11363880336284637
11 0.5780752897262573 0.5402044653892517 0.013926029205322266 0.034056998789310455
8 0.05629477649927139 0.4949270784854889 0.006435807328671217 0.07722674310207367
7 0.182148277759552 0.8186265230178833 0.013858572579920292 0.06982540339231491
11 0.2667008340358734 0.8242345452308655 0.011347940191626549 0.03685306757688522
7 0.3918059170246124 0.5148497819900513 0.011911597102880478 0.07667794078588486
0 0.4304751753807068 0.6573869585990906 0.005609138868749142 0.4542694091796875
6 0.9389014840126038 0.4979386329650879 0.010288627818226814 0.10734068602323532
7 0.3074955642223358 0.5113990306854248 0.013576172292232513 0.06727749854326248
7 0.8968529105186462 0.8133724927902222 0.011903406120836735 0.0674348771572113
11 0.6420667767524719 0.5380777716636658 0.012131111696362495 0.03489195182919502
5 0.66209477186203 0.4741027355194092 0.036473825573921204 0.057258348912000656
11 0.6427103877067566 0.7523259520530701 0.012571936473250389 0.03757718950510025
11 0.8659708499908447 0.5518394708633423 0.012349510565400124 0.03777555376291275
11 0.8335764408111572 0.8427049517631531 0.01387503556907177 0.04162788391113281
11 0.8655877709388733 0.6106499433517456 0.012368394993245602 0.03954624384641647
11 0.7689428925514221 0.611687183380127 0.013068652711808681 0.03979223966598511
11 0.5773552060127258 0.7982254028320312 0.012941847555339336 0.03756961226463318
7 0.609264075756073 0.513445258140564 0.011402335949242115 0.07154547423124313
11 0.1407589167356491 0.9276331067085266 0.012601596303284168 0.041306573897600174
11 0.5772560834884644 0.8482835292816162 0.013066530227661133 0.03582686185836792
7 0.9616110324859619 0.8159473538398743 0.012861954979598522 0.0713990181684494
8 0.07226449251174927 0.5096698999404907 0.008548262529075146 0.07237542420625687
6 0.23454110324382782 0.464225709438324 0.010709669440984726 0.10939538478851318
6 0.3604206442832947 0.4630889892578125 0.010854244232177734 0.12455311417579651
11 0.2671983540058136 0.49293532967567444 0.011477847583591938 0.03659933805465698
11 0.8334970474243164 0.6110010743141174 0.012984461151063442 0.040795765817165375
11 0.8663569092750549 0.760603129863739 0.013341909274458885 0.038343943655490875
7 0.1819431334733963 0.5152319073677063 0.012527894228696823 0.07077072560787201
11 0.6426224708557129 0.8013152480125427 0.012141179293394089 0.0346214696764946
6 0.7688239216804504 0.8980821967124939 0.012805137783288956 0.10559520125389099
7 0.8009031414985657 0.8156915903091431 0.012790117412805557 0.07573215663433075
7 0.09818646311759949 0.8164445757865906 0.011684715747833252 0.07479193061590195
11 0.9301791787147522 0.6122308969497681 0.012989630922675133 0.04024979844689369
11 0.5129265189170837 0.7465463876724243 0.012329754419624805 0.03752337396144867
11 0.8333525061607361 0.7574902772903442 0.013584526255726814 0.045014869421720505
11 0.8330772519111633 0.556983232498169 0.013095483183860779 0.04017489776015282
11 0.5131883025169373 0.7979318499565125 0.013248248025774956 0.03950268402695656
6 0.9296424388885498 0.9032884836196899 0.01109386794269085 0.09889092296361923
11 0.2666732966899872 0.5323507189750671 0.013454047963023186 0.029128771275281906
6 0.8652716279029846 0.9014299511909485 0.010828012600541115 0.08789350837469101
11 0.7689852714538574 0.7577928304672241 0.013317201286554337 0.044281162321567535
8 0.062218669801950455 0.44582635164260864 0.008617399260401726 0.08242112398147583
7 0.09787125885486603 0.5147299766540527 0.011087153106927872 0.07421694695949554
11 0.7690117955207825 0.8424035310745239 0.013531900011003017 0.04148050397634506
7 0.39157167077064514 0.8178938031196594 0.01210126094520092 0.07077289372682571
11 0.5131641030311584 0.5436837673187256 0.01357647217810154 0.035746652632951736
8 0.07207881659269333 0.8414762020111084 0.008215044625103474 0.07567545026540756
11 0.5773465633392334 0.752415657043457 0.012539391405880451 0.03982069715857506
7 0.89766925573349 0.514815092086792 0.010675845667719841 0.07198426872491837
11 0.6743742823600769 0.7558917999267578 0.01282081101089716 0.043837469071149826
11 0.14028187096118927 0.5318871736526489 0.012979168444871902 0.02967592142522335
11 0.4486655294895172 0.7509850263595581 0.01313534751534462 0.04203028231859207
6 0.2764500677585602 0.7812177538871765 0.011877392418682575 0.10480932146310806
11 0.6421578526496887 0.5751801133155823 0.012401810847222805 0.029723811894655228
11 0.22469522058963776 0.595822274684906 0.013425257988274097 0.0350959375500679
11 0.6422529816627502 0.5456773638725281 0.012010184116661549 0.03817718103528023
11 0.26725855469703674 0.546198308467865 0.013887361623346806 0.03585165739059448
11 0.8663772344589233 0.8395646214485168 0.013217934407293797 0.036569029092788696
6 0.44827643036842346 0.8970217108726501 0.012849709950387478 0.13263486325740814
7 0.736179769039154 0.8133046627044678 0.011723702773451805 0.07153959572315216
11 0.9301042556762695 0.7578092813491821 0.013170531950891018 0.0421086922287941
11 0.26657265424728394 0.9267462491989136 0.012319985777139664 0.0353650264441967
11 0.4489193856716156 0.8808180093765259 0.013315568678081036 0.09751752763986588
11 0.14110271632671356 0.5463937520980835 0.012786293402314186 0.03370548039674759
6 0.14924488961696625 0.45992979407310486 0.012835655361413956 0.10392627120018005
11 0.6428738832473755 0.716803252696991 0.01272350363433361 0.03629431873559952
11 0.447893351316452 0.5373001098632812 0.01112118735909462 0.03243611380457878
11 0.14120003581047058 0.49527597427368164 0.011577318422496319 0.04019757732748985
0 0.019815361127257347 0.6808929443359375 0.004183387849479914 0.40224868059158325
11 0.834421694278717 0.5505094528198242 0.013039754703640938 0.04671189561486244
6 0.8336555361747742 0.8922158479690552 0.013281663879752159 0.10012905299663544
11 0.8657408356666565 0.559486985206604 0.012443171814084053 0.037912264466285706
11 0.5148918628692627 0.5401174426078796 0.013674051500856876 0.03388626500964165
11 0.768395721912384 0.5581223964691162 0.01310130674391985 0.037595078349113464
11 0.6740294098854065 0.5968626737594604 0.01290903054177761 0.03612853214144707
11 0.9304402470588684 0.8424568176269531 0.012553486973047256 0.040108706802129745
11 0.44829100370407104 0.5715635418891907 0.011399478651583195 0.031011220067739487
2 0.8667365908622742 0.6452598571777344 0.013037849217653275 0.035123568028211594
2 0.8658775687217712 0.6585098505020142 0.013184137642383575 0.03659346327185631
7 0.8012301325798035 0.5143461227416992 0.011474555358290672 0.07649674266576767
0 0.7207635045051575 0.6652644276618958 0.0060158949345350266 0.44614002108573914
11 0.5776563882827759 0.5726343393325806 0.014146223664283752 0.029613804072141647
11 0.26656341552734375 0.9200323820114136 0.012303631752729416 0.04025072604417801
11 0.7688016295433044 0.5521785616874695 0.014049787074327469 0.035215120762586594
11 0.26718688011169434 0.577966034412384 0.01345396600663662 0.030971063300967216
11 0.6743500232696533 0.7887859344482422 0.014437929727137089 0.038667112588882446
11 0.674708366394043 0.61228346824646 0.01318016555160284 0.0390864722430706
11 0.6745254993438721 0.8452920317649841 0.012501785531640053 0.03959418460726738
8 0.061299216002225876 0.7771655917167664 0.00840506237000227 0.08510006964206696
6 0.14913013577461243 0.7853443026542664 0.012423674575984478 0.10763461887836456
11 0.9301698803901672 0.5584719777107239 0.013154749758541584 0.03857153654098511
11 0.5776625275611877 0.5954433083534241 0.01356302946805954 0.03257524594664574
0 0.019547587260603905 0.43114328384399414 0.006207488477230072 0.8477193117141724
11 0.577346682548523 0.6084970235824585 0.01341097243130207 0.038163263350725174
11 0.8336713910102844 0.7468489408493042 0.013000515289604664 0.03949227184057236
11 0.3513058125972748 0.5754249095916748 0.013269037939608097 0.030125334858894348
11 0.6420495510101318 0.6233834028244019 0.011944768019020557 0.027890386059880257
