1 0.04278798773884773 0.7980603575706482 0.028740763664245605 0.18267656862735748
11 0.7361907362937927 0.11553499102592468 0.014451025985181332 0.07328035682439804
13 0.1062292754650116 0.8989228010177612 0.011929749511182308 0.17001762986183167
5 0.3536517918109894 0.9400138258934021 0.02811482921242714 0.11173655092716217
14 0.6988913416862488 0.22160908579826355 0.02408749610185623 0.11926917731761932
11 0.47236520051956177 0.7523499727249146 0.015465348958969116 0.07445456087589264
5 0.5708312392234802 0.901485800743103 0.028066575527191162 0.11051782220602036
11 0.5890665054321289 0.6942650079727173 0.014418198727071285 0.07364381104707718
11 0.2817390561103821 0.6750072240829468 0.015566812828183174 0.07993081212043762
11 0.646988034248352 0.06994585692882538 0.014778131619095802 0.07864899933338165
11 0.3049285113811493 0.17142710089683533 0.014560315757989883 0.07305892556905746
11 0.5210097432136536 0.5612694025039673 0.015057207085192204 0.07365678250789642
11 0.7153778672218323 0.06566652655601501 0.014175986871123314 0.07163934409618378
11 0.8722995519638062 0.5355682969093323 0.015447679907083511 0.07321319729089737
11 0.6721757650375366 0.6671172380447388 0.015303590334951878 0.07532742619514465
13 0.07029978930950165 0.7699709534645081 0.011277136392891407 0.16838665306568146
13 0.10659395158290863 0.29331696033477783 0.01151617057621479 0.1665320098400116
14 0.23085418343544006 0.45000261068344116 0.018500424921512604 0.1359424889087677
18 0.04293728619813919 0.2665625214576721 0.02580389380455017 0.39066898822784424
11 0.6469026803970337 0.7716177701950073 0.014984511770308018 0.0742480605840683
14 0.6774280071258545 0.21780800819396973 0.026627831161022186 0.1253310889005661
11 0.847280740737915 0.5645306706428528 0.015079495497047901 0.08137273788452148
5 0.2635001540184021 0.8849003911018372 0.02764473296701908 0.12251141667366028
11 0.304762601852417 0.597560703754425 0.014930293895304203 0.06881370395421982
5 0.6539514064788818 0.878949761390686 0.02888805978000164 0.12114366143941879
11 0.2282174676656723 0.27918368577957153 0.01448950357735157 0.07280801236629486
5 0.4788142442703247 0.8475801944732666 0.028518889099359512 0.11205234378576279
11 0.25796133279800415 0.25189316272735596 0.015577799640595913 0.07919392734766006
11 0.67125004529953 0.06836584210395813 0.013695149682462215 0.0798327624797821
11 0.947519063949585 0.5641114711761475 0.0153497364372015 0.0778045654296875
13 0.0699339359998703 0.17314131557941437 0.011376693844795227 0.15858833491802216
11 0.3472609519958496 0.8269554376602173 0.014059925451874733 0.07969436794519424
5 0.3824805021286011 0.9157845973968506 0.03580945357680321 0.11725673824548721
13 0.0787615105509758 0.8524671196937561 0.011202838271856308 0.1651647537946701
11 0.7976409792900085 0.7488048076629639 0.014572110027074814 0.07492930442094803
5 0.8534551858901978 0.7946019768714905 0.03018096461892128 0.12621167302131653
11 0.38557401299476624 0.12116241455078125 0.015118108130991459 0.07714854180812836
11 0.6142421364784241 0.03577958792448044 0.015060032717883587 0.06792367249727249
11 0.34809550642967224 0.2576387822628021 0.015989216044545174 0.07871473580598831
11 0.6931609511375427 0.034676436334848404 0.013310731388628483 0.061457548290491104
5 0.9039663672447205 0.7840627431869507 0.029326293617486954 0.11343549191951752
11 0.25770074129104614 0.7755601406097412 0.014854145236313343 0.07448787987232208
13 0.08827561140060425 0.7448224425315857 0.012103919871151447 0.17177918553352356
11 0.9220096468925476 0.6445313692092896 0.015244887210428715 0.07824420928955078
5 0.8041083812713623 0.850320041179657 0.02812783420085907 0.10747216641902924
5 0.8287767171859741 0.8231658339500427 0.029159916564822197 0.12526334822177887
11 0.7612699270248413 0.17010298371315002 0.01390785351395607 0.07127977907657623
11 0.15360936522483826 0.33147716522216797 0.014074836857616901 0.05626386031508446
5 0.743065595626831 0.2830088436603546 0.029428856447339058 0.12456490099430084
14 0.2156739979982376 0.4661512076854706 0.0188214760273695 0.13600660860538483
11 0.49623197317123413 0.6422809362411499 0.014644311740994453 0.0761183425784111
11 0.6148360371589661 0.6142539978027344 0.014689067378640175 0.0712047591805458
11 0.40425848960876465 0.6410792469978333 0.014880962669849396 0.07240511476993561
11 0.40702763199806213 0.1460871696472168 0.016688339412212372 0.08031956106424332
5 0.4102615416049957 0.8954806923866272 0.02836291678249836 0.12456537783145905
14 0.20096701383590698 0.4829769730567932 0.016473302617669106 0.1344074308872223
13 0.07938734441995621 0.2524087429046631 0.011840534396469593 0.15710026025772095
11 0.7369967103004456 0.5863427519798279 0.015074114315211773 0.07382767647504807
13 0.4587746262550354 0.15761704742908478 0.010837080888450146 0.13471028208732605
5 0.6538380980491638 0.22712959349155426 0.02849561534821987 0.11053536832332611
11 0.5208320021629333 0.042777299880981445 0.014654267579317093 0.07011304050683975
11 0.4285758137702942 0.723993182182312 0.01509877946227789 0.07832921296358109
11 0.5642775893211365 0.14632827043533325 0.014606775715947151 0.06983252614736557
14 0.4326865077018738 0.2852843701839447 0.015169501304626465 0.08713395148515701
13 0.08838202059268951 0.1480269432067871 0.01142741460353136 0.16763444244861603
11 0.17800076305866241 0.6987270712852478 0.018015338107943535 0.08402176201343536
6 0.9707199931144714 0.3329310715198517 0.015243361704051495 0.15061651170253754
11 0.37194401025772095 0.7163734436035156 0.015533738769590855 0.07734190672636032
11 0.822176992893219 0.64322829246521 0.01497733686119318 0.08139070123434067
0 0.33097466826438904 0.5531972050666809 0.006709673907607794 0.7840070724487305
0 0.7802290320396423 0.5351518392562866 0.00525718554854393 0.817620575428009
11 0.20034003257751465 0.3414529860019684 0.014442527666687965 0.06553474813699722
11 0.15266172587871552 0.7991725206375122 0.01473287120461464 0.06804466247558594
11 0.9715180397033691 0.22656364738941193 0.015331259928643703 0.07394127547740936
11 0.24455104768276215 0.2336917519569397 0.014848382212221622 0.08793635666370392
11 0.15365734696388245 0.2516934275627136 0.013216118328273296 0.07259552925825119
11 0.8974675536155701 0.5130254030227661 0.014474255964159966 0.07209469377994537
0 0.024447966367006302 0.532903254032135 0.004159155301749706 0.8081722855567932
5 0.3538218140602112 0.38043785095214844 0.02985287271440029 0.11205301433801651
13 0.08999918401241302 0.7596222758293152 0.011967173777520657 0.1949111968278885
11 0.20019443333148956 0.25229257345199585 0.01456381380558014 0.06527206301689148
13 0.0972207635641098 0.8004579544067383 0.0105824526399374 0.18158531188964844
9 0.7977005243301392 0.15270261466503143 0.01589147374033928 0.09406942874193192
11 0.5639802813529968 0.7997037768363953 0.015042991377413273 0.07564061135053635
0 0.02526477910578251 0.5435090661048889 0.004621673841029406 0.815917432308197
13 0.09717816859483719 0.22376438975334167 0.010505009442567825 0.16496983170509338
6 0.15195146203041077 0.9052758812904358 0.013248351402580738 0.14904434978961945
11 0.8998879194259644 0.1462859958410263 0.018726715818047523 0.08188240230083466
5 0.26179882884025574 0.860327422618866 0.02433881163597107 0.15079441666603088
11 0.2001097947359085 0.21470209956169128 0.015389918349683285 0.06569059938192368
5 0.41209331154823303 0.28123602271080017 0.027284732088446617 0.10359837114810944
0 0.9922872185707092 0.5390538573265076 0.006131588947027922 0.8201449513435364
11 0.19997480511665344 0.26304227113723755 0.01493228878825903 0.06184741482138634
8 0.13776510953903198 0.28530922532081604 0.011066153645515442 0.1857396811246872
14 0.37525296211242676 0.3599362373352051 0.016834380105137825 0.10146757960319519
14 0.37303948402404785 0.36884936690330505 0.018870918080210686 0.10798559337854385
