1 0.04248061031103134 0.630726158618927 0.026794999837875366 0.14794576168060303
11 0.6072681546211243 0.7459441423416138 0.014683299697935581 0.06169222295284271
5 0.8600627183914185 0.48267674446105957 0.030017659068107605 0.06964061409235
18 0.04288173466920853 0.22900952398777008 0.025524115189909935 0.29369309544563293
14 0.13824667036533356 0.596609354019165 0.020472534000873566 0.09456124156713486
11 0.13964179158210754 0.684708297252655 0.015332226641476154 0.05678452551364899
11 0.86858731508255 0.5850899815559387 0.01550979446619749 0.05200031027197838
5 0.889651358127594 0.4844915568828583 0.033553674817085266 0.07921802997589111
5 0.7368848323822021 0.5188207626342773 0.03044426068663597 0.06283114850521088
5 0.27995333075523376 0.5372499823570251 0.02751956135034561 0.06792321056127548
11 0.222916841506958 0.6875756978988647 0.014614728279411793 0.053100526332855225
11 0.6574787497520447 0.3506431579589844 0.015647687017917633 0.05395560711622238
5 0.4156445860862732 0.780143678188324 0.02902926877140999 0.08241213113069534
11 0.5103009343147278 0.2054791897535324 0.015437496826052666 0.05191485956311226
11 0.9171848297119141 0.588445246219635 0.01572154089808464 0.057739902287721634
11 0.8423483371734619 0.5911138653755188 0.014771312475204468 0.056243132799863815
11 0.32303085923194885 0.68744957447052 0.01387098990380764 0.05070167034864426
11 0.34958937764167786 0.6853878498077393 0.013456991873681545 0.054793547838926315
11 0.943260669708252 0.6494594216346741 0.014930765144526958 0.05148468166589737
5 0.24522212147712708 0.36109277606010437 0.027543267235159874 0.07972685247659683
11 0.15679575502872467 0.7614375352859497 0.014254431240260601 0.055548448115587234
5 0.17363767325878143 0.523528516292572 0.028047973290085793 0.07591807842254639
11 0.656886100769043 0.2285095453262329 0.016100408509373665 0.05513745918869972
11 0.8423689603805542 0.7271799445152283 0.014934895560145378 0.055675800889730453
11 0.4843735992908478 0.22645777463912964 0.015093222260475159 0.04864591360092163
5 0.26955780386924744 0.36084333062171936 0.028711168095469475 0.08206135779619217
11 0.7183232307434082 0.22261261940002441 0.014597485773265362 0.05275950953364372
11 0.8997319340705872 0.648428738117218 0.014316230081021786 0.051740676164627075
5 0.9139224886894226 0.48409488797187805 0.02201041392982006 0.083827443420887
11 0.23902440071105957 0.20633964240550995 0.013878176920115948 0.05195815861225128
11 0.28671637177467346 0.6273646354675293 0.013437388464808464 0.05667859688401222
11 0.5898243188858032 0.6725313663482666 0.014540043659508228 0.05167171731591225
11 0.7445588707923889 0.7465474009513855 0.015049027279019356 0.054289303719997406
11 0.5102667808532715 0.6847232580184937 0.01462993398308754 0.04870094731450081
11 0.6938095092773438 0.7453149557113647 0.01586259715259075 0.0606558583676815
11 0.6938601136207581 0.20647209882736206 0.014163427986204624 0.056168895214796066
11 0.2390962690114975 0.7648976445198059 0.015982147306203842 0.0606650710105896
5 0.9503868818283081 0.38167300820350647 0.027922887355089188 0.0979330763220787
11 0.9426915049552917 0.14347121119499207 0.0149550074711442 0.04807300493121147
5 0.2165464162826538 0.3631213903427124 0.03898347169160843 0.08179379999637604
5 0.39031922817230225 0.7838131785392761 0.030658340081572533 0.07476360350847244
11 0.45841243863105774 0.687163233757019 0.014970025047659874 0.05951162427663803
11 0.15554159879684448 0.6237616539001465 0.01592545583844185 0.05793316289782524
11 0.28584539890289307 0.7683764696121216 0.01653127558529377 0.05709404498338699
5 0.5025607943534851 0.11135402321815491 0.03081722930073738 0.06696859747171402
5 0.2016935646533966 0.5251803398132324 0.03717999532818794 0.07281391322612762
11 0.262597918510437 0.6899741888046265 0.014653505757451057 0.05208975076675415
11 0.4840335249900818 0.5417386293411255 0.014785739593207836 0.04999788850545883
11 0.7820672988891602 0.7266684174537659 0.014497727155685425 0.05314495414495468
11 0.5748839378356934 0.74361652135849 0.014743315987288952 0.05156027153134346
11 0.9433203339576721 0.5844070315361023 0.01513210590928793 0.053593091666698456
11 0.2630537450313568 0.6251424551010132 0.014611457474529743 0.05136930197477341
11 0.28683772683143616 0.12849225103855133 0.014155195094645023 0.049231331795454025
11 0.8086544871330261 0.7259140014648438 0.014163213782012463 0.05353880673646927
5 0.5043431520462036 0.43487071990966797 0.027003981173038483 0.09289906173944473
11 0.7183064818382263 0.2898256182670593 0.01503792591392994 0.046414975076913834
11 0.7187134027481079 0.668842613697052 0.014475361444056034 0.05075712874531746
5 0.5028011798858643 0.46431297063827515 0.028597652912139893 0.08779062330722809
5 0.5674307346343994 0.5809484124183655 0.028008002787828445 0.08613692224025726
11 0.7186696529388428 0.34592822194099426 0.016072465106844902 0.053612224757671356
11 0.6936812996864319 0.3473352789878845 0.015235458500683308 0.05429089069366455
11 0.23840509355068207 0.624862790107727 0.015035968273878098 0.054725706577301025
11 0.458269864320755 0.5473911166191101 0.014285498298704624 0.05330728366971016
14 0.8228508234024048 0.56551194190979 0.019344711676239967 0.08807983249425888
5 0.6813055872917175 0.11943206191062927 0.04161042347550392 0.08296360820531845
11 0.28647667169570923 0.2588496804237366 0.014362247660756111 0.05049975588917732
14 0.36909791827201843 0.4954492449760437 0.01508493535220623 0.08478352427482605
11 0.5108422040939331 0.3489605486392975 0.016042806208133698 0.05553078278899193
11 0.9686271548271179 0.24128668010234833 0.015155383385717869 0.04801023751497269
11 0.38334518671035767 0.6872357726097107 0.015082897618412971 0.05920498073101044
8 0.07249293476343155 0.6114357709884644 0.009834819473326206 0.10052753984928131
11 0.8693512082099915 0.6509668231010437 0.01607976108789444 0.049946535378694534
11 0.32400932908058167 0.12548746168613434 0.015269944444298744 0.05235614627599716
11 0.917051374912262 0.726578950881958 0.01564527302980423 0.05778227746486664
11 0.6774324774742126 0.6653997302055359 0.014368469826877117 0.0581224299967289
11 0.6328279376029968 0.669499933719635 0.015858842059969902 0.056229282170534134
5 0.34126028418540955 0.5405957698822021 0.028917497023940086 0.07611559331417084
14 0.5880970358848572 0.5640074014663696 0.019450102001428604 0.0935022234916687
11 0.5505256056785583 0.7475186586380005 0.014916820451617241 0.05641356110572815
5 0.23635977506637573 0.5211020112037659 0.020143479108810425 0.07703681290149689
11 0.204215407371521 0.2577953338623047 0.015370802953839302 0.05245565250515938
11 0.9684982299804688 0.3069576025009155 0.015281314961612225 0.05364004150032997
11 0.2389741688966751 0.2688452899456024 0.013665224425494671 0.05148209631443024
11 0.48430517315864563 0.6146978139877319 0.01427058782428503 0.050066668540239334
11 0.6570678949356079 0.2904234826564789 0.015528406016528606 0.04703867807984352
5 0.6258126497268677 0.5140577554702759 0.030676281079649925 0.07875510305166245
11 0.44091206789016724 0.6141154170036316 0.015027627348899841 0.0579453706741333
11 0.9688538312911987 0.7305249571800232 0.014188796281814575 0.05285767838358879
14 0.6765392422676086 0.5101438760757446 0.017178554087877274 0.07492250204086304
11 0.48414233326911926 0.28934556245803833 0.014053801074624062 0.04861048236489296
11 0.1014239713549614 0.7680249810218811 0.015367075800895691 0.05628979206085205
14 0.36310794949531555 0.5146386027336121 0.01804637350142002 0.08784663677215576
5 0.9010013937950134 0.4843403697013855 0.016073431819677353 0.07867880910634995
0 0.3054291009902954 0.4559831917285919 0.005085950251668692 0.5759034156799316
8 0.06393875181674957 0.6795101165771484 0.008672844618558884 0.10049497336149216
9 0.10125791281461716 0.2469850331544876 0.015240640379488468 0.053849779069423676
11 0.9433647394180298 0.2282470166683197 0.015390406362712383 0.043113693594932556
11 0.17996929585933685 0.685809314250946 0.0151673574000597 0.05709686130285263
11 0.26270946860313416 0.22886216640472412 0.01508818008005619 0.05261996388435364
11 0.1800321638584137 0.6218588948249817 0.0152700524777174 0.048330746591091156
11 0.28626522421836853 0.18876959383487701 0.014959915541112423 0.04761515557765961
5 0.6569088101387024 0.5113849639892578 0.04044802114367485 0.07541999965906143
11 0.6934764981269836 0.2890012562274933 0.014827734790742397 0.049953050911426544
11 0.26248207688331604 0.251457154750824 0.014091317541897297 0.054653532803058624
0 0.531344473361969 0.43419188261032104 0.006063772831112146 0.5875343680381775
0 0.7647396326065063 0.4379647970199585 0.006444357801228762 0.6280644536018372
8 0.07190658897161484 0.14624246954917908 0.0087981466203928 0.12036482989788055
8 0.0659317672252655 0.18230383098125458 0.009514921344816685 0.12022960931062698
5 0.4442068338394165 0.7838654518127441 0.02105940878391266 0.07365992665290833
11 0.1256060004234314 0.7689480781555176 0.015070963650941849 0.0573272705078125
11 0.40975743532180786 0.2882375419139862 0.015402045100927353 0.05588393658399582
11 0.41134434938430786 0.5476741194725037 0.018831651657819748 0.05302141606807709
8 0.06335465610027313 0.21443600952625275 0.009329267777502537 0.09421055018901825
11 0.781765878200531 0.8693827390670776 0.015409392304718494 0.05224984884262085
11 0.41043558716773987 0.14138460159301758 0.017236344516277313 0.047724541276693344
5 0.22358489036560059 0.5265356302261353 0.014439855702221394 0.07185208052396774
11 0.9691228866577148 0.22706937789916992 0.01639893464744091 0.05313510820269585
11 0.2864568531513214 0.22982315719127655 0.014471527189016342 0.04420154169201851
11 0.410665899515152 0.6136534214019775 0.016544334590435028 0.05640886723995209
11 0.5104610323905945 0.2910915017127991 0.01612802967429161 0.04960770159959793
11 0.9426061511039734 0.19692333042621613 0.014794213697314262 0.0377986766397953
0 0.024262208491563797 0.4413811266422272 0.003979396540671587 0.5866808295249939
11 0.36530792713165283 0.6098637580871582 0.01430587936192751 0.0590040348470211
5 0.42949220538139343 0.7793563604354858 0.016081610694527626 0.07788097858428955
11 0.3648741841316223 0.6000430583953857 0.015371553599834442 0.05493181571364403
11 0.744329571723938 0.6117762327194214 0.01465905737131834 0.056685931980609894
5 0.800487220287323 0.5787577629089355 0.02942843921482563 0.08751455694437027
8 0.06387919187545776 0.6577601432800293 0.011087226681411266 0.11576221138238907
11 0.6936392188072205 0.6025657653808594 0.014383111149072647 0.05842109024524689
11 0.41001096367836 0.22295118868350983 0.01627635397017002 0.04163610190153122
11 0.6940030455589294 0.6126906871795654 0.01398241426795721 0.05673746019601822
11 0.869191586971283 0.2326575666666031 0.015433849766850471 0.05564645677804947
11 0.24003930389881134 0.21388262510299683 0.016657287254929543 0.05150746554136276
11 0.48439404368400574 0.5844744443893433 0.014632455073297024 0.04319857060909271
11 0.9693676233291626 0.16827179491519928 0.014737147837877274 0.05828478932380676
9 0.10192256420850754 0.31014570593833923 0.016397003084421158 0.06120241433382034
11 0.3245272636413574 0.18507643043994904 0.015497217886149883 0.04901382699608803
11 0.6322646141052246 0.6121311783790588 0.015263509005308151 0.0611380934715271
11 0.7186458110809326 0.6020459532737732 0.014246399514377117 0.052762191742658615
11 0.823850154876709 0.6498944759368896 0.016742296516895294 0.053896330296993256
11 0.3241637647151947 0.25728535652160645 0.01512470468878746 0.0518241748213768
11 0.32288289070129395 0.8440582752227783 0.014238300733268261 0.0485076904296875
11 0.5107329487800598 0.25068536400794983 0.015430094674229622 0.03485402464866638
11 0.9709175229072571 0.8714860081672668 0.014488180167973042 0.049786437302827835
11 0.1011369451880455 0.9132417440414429 0.015019106678664684 0.05185934156179428
0 0.989806592464447 0.4481810927391052 0.006279434077441692 0.5881867408752441
11 0.4087390899658203 0.24586178362369537 0.014123711735010147 0.03619477152824402
5 0.5014102458953857 0.45005521178245544 0.028470057994127274 0.11518695205450058
14 0.6917588114738464 0.510026752948761 0.0195453017950058 0.0809127539396286
