1 0.03934716060757637 0.8353793025016785 0.029890039935708046 0.22210019826889038
5 0.4861728549003601 0.33680620789527893 0.01945018582046032 0.11819496005773544
5 0.7506713271141052 0.3372102975845337 0.02145518735051155 0.12164272367954254
18 0.03999408707022667 0.27179473638534546 0.02632119692862034 0.41715410351753235
11 0.5969053506851196 0.7081602811813354 0.013881776481866837 0.07602506130933762
20 0.9350796937942505 0.1006791740655899 0.01851634308695793 0.0672307163476944
11 0.2371629923582077 0.14762994647026062 0.014142179861664772 0.0787375345826149
5 0.63898104429245 0.32708585262298584 0.02125070057809353 0.12135038524866104
11 0.7812691330909729 0.15108777582645416 0.015569242648780346 0.0825657919049263
5 0.3919273018836975 0.2788463234901428 0.020947374403476715 0.11658991873264313
5 0.7834110260009766 0.3199930191040039 0.020493827760219574 0.1287938356399536
11 0.6539279222488403 0.14919359982013702 0.015683012083172798 0.08349131047725677
11 0.7649145722389221 0.17984038591384888 0.015245256014168262 0.0872872918844223
9 0.46921291947364807 0.6090230345726013 0.015268713235855103 0.0937422662973404
11 0.5173225998878479 0.14788036048412323 0.01592981442809105 0.08514758199453354
11 0.533759593963623 0.03838605433702469 0.014233596622943878 0.07454844564199448
5 0.5033481121063232 0.32695716619491577 0.020356284454464912 0.1228538528084755
11 0.10881029814481735 0.7727221846580505 0.014663132838904858 0.08271335810422897
11 0.709671676158905 0.7342149615287781 0.013815688900649548 0.07923923432826996
5 0.7682809829711914 0.32521626353263855 0.0223841592669487 0.12780024111270905
11 0.3475554585456848 0.6271587610244751 0.014716622419655323 0.08234130591154099
9 0.37181439995765686 0.546165943145752 0.014041176065802574 0.08262386918067932
11 0.1328812539577484 0.7136725783348083 0.014273068867623806 0.07961733639240265
11 0.6698981523513794 0.043159324675798416 0.01600266993045807 0.08247816562652588
11 0.2607569396495819 0.18359169363975525 0.015221324749290943 0.08410460501909256
5 0.655880331993103 0.317440927028656 0.021083835512399673 0.12543398141860962
11 0.5731167793273926 0.7672624588012695 0.013832470402121544 0.08009351789951324
5 0.6226280927658081 0.33963197469711304 0.020170608535408974 0.11444380134344101
11 0.7976812124252319 0.041626013815402985 0.015302817337214947 0.07927332073450089
9 0.10922469943761826 0.09081228822469711 0.014249318279325962 0.0766737163066864
11 0.38890329003334045 0.15412136912345886 0.01480267196893692 0.08585215359926224
11 0.44519010186195374 0.708660900592804 0.014311007224023342 0.08319724351167679
9 0.7345715761184692 0.6276514530181885 0.017692210152745247 0.08284731954336166
11 0.48492372035980225 0.20460748672485352 0.014675549231469631 0.08181913942098618
9 0.6204668879508972 0.6566896438598633 0.015117636881768703 0.08669507503509521
5 0.5193181037902832 0.3165428638458252 0.020669760182499886 0.12513574957847595
13 0.06578746438026428 0.7899367809295654 0.009450383484363556 0.15929599106311798
20 0.9349161386489868 0.8529102206230164 0.019990118220448494 0.09347884356975555
11 0.21307606995105743 0.13150902092456818 0.01346646249294281 0.07328589260578156
9 0.4444592595100403 0.15759794414043427 0.014789770357310772 0.09918423742055893
11 0.6364954113960266 0.18447719514369965 0.013734218664467335 0.08884123712778091
9 0.7088626027107239 0.09284181892871857 0.014234364032745361 0.07754432410001755
11 0.2847634553909302 0.20684735476970673 0.015517049469053745 0.08026976883411407
11 0.32404032349586487 0.7954923510551453 0.014928825199604034 0.08409338444471359
11 0.7480489611625671 0.2082059383392334 0.015137305483222008 0.08632393926382065
0 0.3055819272994995 0.5670731663703918 0.006105432752519846 0.8495435118675232
11 0.40520548820495605 0.14812538027763367 0.01453245710581541 0.08649783581495285
11 0.6207097172737122 0.20487231016159058 0.01593211479485035 0.08370356261730194
13 0.06563884764909744 0.14819590747356415 0.009262158535420895 0.17431490123271942
9 0.1568383425474167 0.6566502451896667 0.01399263646453619 0.08534694463014603
11 0.5007127523422241 0.17683559656143188 0.01536655891686678 0.09227381646633148
0 0.4268805682659149 0.5692723393440247 0.006160716526210308 0.8614553213119507
0 0.19440874457359314 0.545983612537384 0.0054771495051681995 0.802242636680603
9 0.5720539093017578 0.09414729475975037 0.014329683035612106 0.07327848672866821
11 0.8604223132133484 0.6310641169548035 0.015085923485457897 0.08153636753559113
0 0.5546199083328247 0.5478788018226624 0.005986001342535019 0.8629357218742371
0 0.02064334787428379 0.5645021796226501 0.005573219154030085 0.8237077593803406
0 0.8183848261833191 0.5558954477310181 0.0063444082625210285 0.8559419512748718
9 0.23886926472187042 0.6304559111595154 0.018009228631854057 0.08625827729701996
11 0.21371565759181976 0.7328585982322693 0.015337124466896057 0.08238034695386887
0 0.9148709774017334 0.5616758465766907 0.006347836926579475 0.831701934337616
11 0.8375312089920044 0.7990624904632568 0.015168927609920502 0.0855352059006691
20 0.9351968765258789 0.032783880829811096 0.021205950528383255 0.06556776165962219
11 0.17452898621559143 0.1318824589252472 0.01331043429672718 0.07587478309869766
9 0.837299644947052 0.042232561856508255 0.016930783167481422 0.08446512371301651
9 0.3255966007709503 0.1812826693058014 0.019048787653446198 0.08862478286027908
5 0.7825222015380859 0.29740458726882935 0.02195858210325241 0.1627938151359558
0 0.6895720362663269 0.5483791828155518 0.00626947870478034 0.8510927557945251
20 0.9382831454277039 0.03188541159033775 0.02002774178981781 0.0637708231806755
