11 0.48603421449661255 0.22380346059799194 0.01412186212837696 0.08199940621852875
11 0.723355233669281 0.2160835713148117 0.01412937045097351 0.0811958760023117
5 0.4906635582447052 0.35408535599708557 0.02389279566705227 0.11133819818496704
5 0.2748970687389374 0.35888683795928955 0.029311463236808777 0.11520756781101227
5 0.17000746726989746 0.7892193794250488 0.029416518285870552 0.1131809875369072
11 0.5057133436203003 0.22192466259002686 0.014882709830999374 0.08661429584026337
5 0.5112007260322571 0.34793633222579956 0.02359158918261528 0.11654580384492874
5 0.11704441905021667 0.7876396179199219 0.030919723212718964 0.11682751029729843
5 0.7876548171043396 0.3315097987651825 0.02390202134847641 0.12904061377048492
11 0.8427166938781738 0.21810415387153625 0.013830147683620453 0.08278243243694305
1 0.04273463785648346 0.786186158657074 0.02698073349893093 0.21347962319850922
5 0.7282447814941406 0.34651249647140503 0.025026077404618263 0.11588992178440094
11 0.33149439096450806 0.22697952389717102 0.015888528898358345 0.08732422441244125
5 0.8072851896286011 0.32963645458221436 0.023657774552702904 0.13336513936519623
5 0.7487508654594421 0.34427115321159363 0.023908456787467003 0.11931692808866501
20 0.4661601483821869 0.8715983629226685 0.02168045938014984 0.0895991101861
5 0.8281654119491577 0.34420880675315857 0.02457142435014248 0.13088269531726837
11 0.13600848615169525 0.22032760083675385 0.01412286702543497 0.0752008706331253
5 0.2217824012041092 0.7862716317176819 0.03107953816652298 0.11785449087619781
11 0.7430292367935181 0.21785922348499298 0.014855355955660343 0.085781991481781
11 0.8801584243774414 0.220282644033432 0.015164393931627274 0.085335873067379
11 0.2404087334871292 0.16708536446094513 0.01458729524165392 0.0795477032661438
11 0.36450764536857605 0.3578427731990814 0.013543208129703999 0.07902897894382477
18 0.04276874661445618 0.21241094172000885 0.02452065981924534 0.4248218834400177
20 0.6215919256210327 0.16045063734054565 0.02106485143303871 0.08412736654281616
11 0.2924406826496124 0.22278133034706116 0.014012154191732407 0.08338256180286407
5 0.1699570119380951 0.3538796007633209 0.029287932440638542 0.10479388386011124
11 0.2146693468093872 0.6208894848823547 0.01580681838095188 0.08573221415281296
11 0.8035709261894226 0.16535530984401703 0.015176353976130486 0.08070026338100433
5 0.9240886569023132 0.12632368505001068 0.022452570497989655 0.09749656915664673
5 0.24788913130760193 0.7867319583892822 0.030390653759241104 0.10914860665798187
11 0.7636853456497192 0.21861885488033295 0.014395608566701412 0.0758218765258789
11 0.5677179098129272 0.16121335327625275 0.014703948050737381 0.08423839509487152
11 0.2924923002719879 0.6230602264404297 0.01539888046681881 0.08092544227838516
11 0.1620870679616928 0.22218434512615204 0.013551708310842514 0.08138474076986313
5 0.14405353367328644 0.3588574528694153 0.032073866575956345 0.10872898995876312
11 0.2407183051109314 0.6194860935211182 0.015733258798718452 0.08452203869819641
5 0.22196589410305023 0.3373822271823883 0.031113529577851295 0.1202680766582489
11 0.9095868468284607 0.3014126121997833 0.015686893835663795 0.08312583714723587
20 0.878892719745636 0.8727196455001831 0.024232136085629463 0.10092735290527344
11 0.18823468685150146 0.2260483205318451 0.01493148971349001 0.08429999649524689
5 0.143471360206604 0.7864487767219543 0.03037133254110813 0.12043438851833344
11 0.33090242743492126 0.7913771867752075 0.014600944705307484 0.07094176113605499
11 0.4234645962715149 0.7920430898666382 0.014499067328870296 0.0932525172829628
20 0.7030408382415771 0.8692861795425415 0.021838786080479622 0.08683843165636063
11 0.3797677755355835 0.3309379518032074 0.016436772421002388 0.0890936404466629
5 0.24800211191177368 0.3402647078037262 0.03120269440114498 0.11773358285427094
11 0.5261749625205994 0.2215076982975006 0.014662972651422024 0.08155123889446259
11 0.16320066154003143 0.6427966952323914 0.015251454897224903 0.08333973586559296
8 0.0720682293176651 0.7517994046211243 0.00800924189388752 0.14388826489448547
6 0.3298826217651367 0.9068648219108582 0.012214566580951214 0.13964976370334625
5 0.27433282136917114 0.7908206582069397 0.029891591519117355 0.10727857798337936
0 0.31409287452697754 0.533976137638092 0.005167017690837383 0.813977062702179
11 0.18811854720115662 0.6806049942970276 0.015443422831594944 0.07305655628442764
11 0.13560546934604645 0.6464917659759521 0.015781650319695473 0.08767347782850266
5 0.3781629502773285 0.18858161568641663 0.02066565677523613 0.09742169082164764
11 0.21477995812892914 0.19170591235160828 0.015144629403948784 0.08959469944238663
0 0.44534537196159363 0.5125405788421631 0.006651571486145258 0.8530004620552063
11 0.1882430762052536 0.6176037192344666 0.01598968170583248 0.07683467864990234
11 0.2666515111923218 0.6771202087402344 0.014694884419441223 0.07125937193632126
11 0.547144889831543 0.18667232990264893 0.014612449333071709 0.0789479911327362
8 0.06297669559717178 0.8460509181022644 0.008176203817129135 0.14158090949058533
0 0.6827448606491089 0.5253386497497559 0.0062367417849600315 0.8645712733268738
11 0.7841125130653381 0.18847131729125977 0.014492041431367397 0.08828859776258469
11 0.26751402020454407 0.19312314689159393 0.014616203494369984 0.09104584902524948
0 0.8587989807128906 0.538578987121582 0.007210139650851488 0.8080292344093323
20 0.6210904121398926 0.8760361075401306 0.021298212930560112 0.10450885444879532
11 0.2670222520828247 0.6148969531059265 0.01554184127599001 0.07225778698921204
0 0.02451162226498127 0.5109440088272095 0.004282492212951183 0.8990849852561951
11 0.10888536274433136 0.6522924304008484 0.016719207167625427 0.09989775717258453
7 0.1074448972940445 0.22707246243953705 0.013198751956224442 0.12818117439746857
8 0.06945135444402695 0.12148549407720566 0.007295511197298765 0.13311094045639038
11 0.098757304251194 0.6710463166236877 0.014089131727814674 0.08987513929605484
6 0.5458158254623413 0.31094616651535034 0.014004242606461048 0.16020095348358154
11 0.3486602306365967 0.7326101064682007 0.014256187714636326 0.08285120129585266
11 0.8236115574836731 0.19059674441814423 0.014401079155504704 0.0877145454287529
8 0.07190990447998047 0.0943928062915802 0.00901870895177126 0.136350616812706
11 0.9278184771537781 0.273584246635437 0.015054337680339813 0.08485468477010727
5 0.11432749778032303 0.7736024260520935 0.02886989712715149 0.1271277666091919
4 0.38470733165740967 0.7341916561126709 0.021546348929405212 0.09434571117162704
18 0.04641557112336159 0.2544555962085724 0.02138235606253147 0.34170979261398315
