18 0.036195773631334305 0.5104345679283142 0.022850168868899345 0.24236267805099487
1 0.03538074716925621 0.781509518623352 0.024214472621679306 0.13053403794765472
11 0.40560925006866455 0.9341680407524109 0.012280822731554508 0.039532359689474106
11 0.16415569186210632 0.8418453335762024 0.013561391271650791 0.050130695104599
5 0.8895296454429626 0.7668209671974182 0.04731796681880951 0.074451744556427
11 0.34675684571266174 0.9341601729393005 0.011903106234967709 0.039046596735715866
8 0.055991627275943756 0.810156524181366 0.006905887275934219 0.08430444449186325
11 0.16430315375328064 0.9520969390869141 0.012987174093723297 0.04502378776669502
6 0.5056018233299255 0.5006633400917053 0.010750401765108109 0.11822697520256042
11 0.2275385707616806 0.9529183506965637 0.011575083248317242 0.04253198578953743
11 0.5305481553077698 0.9352759718894958 0.013110101222991943 0.04510979726910591
5 0.3313073515892029 0.49292662739753723 0.04285326227545738 0.06431461870670319
11 0.2274138480424881 0.8424598574638367 0.012245899066329002 0.04675903171300888
5 0.9310725927352905 0.7538294196128845 0.045915573835372925 0.07431119680404663
5 0.8465046286582947 0.7756540775299072 0.046462658792734146 0.07986276596784592
11 0.49604788422584534 0.8240101933479309 0.01345428079366684 0.04469223693013191
11 0.10137336701154709 0.9519741535186768 0.012257343158125877 0.044646378606557846
11 0.4404880404472351 0.9353634715080261 0.012196260504424572 0.04289942607283592
11 0.6814298629760742 0.5411900281906128 0.013298156671226025 0.0408041849732399
11 0.8207588791847229 0.6167559623718262 0.01292209979146719 0.04129672423005104
11 0.30674222111701965 0.8430768251419067 0.01329603511840105 0.04369501397013664
11 0.346515417098999 0.8284802436828613 0.011678032577037811 0.03779828920960426
11 0.10164696723222733 0.6383947134017944 0.012866932898759842 0.03680436685681343
5 0.3312574625015259 0.7549137473106384 0.04246855527162552 0.06590531021356583
11 0.820599377155304 0.5400737524032593 0.013349291868507862 0.041140101850032806
11 0.26729217171669006 0.8425800800323486 0.012947558425366879 0.046165648847818375
5 0.9340147972106934 0.5035585165023804 0.04760513827204704 0.07263021171092987
11 0.530159592628479 0.6212805509567261 0.013538381084799767 0.0343359149992466
11 0.22826100885868073 0.6374695301055908 0.013129535131156445 0.03605469688773155
11 0.10090316832065582 0.8426647186279297 0.012531667947769165 0.0477137565612793
11 0.40666961669921875 0.8240481615066528 0.012269780039787292 0.04015514254570007
11 0.681340754032135 0.6154162287712097 0.013246696442365646 0.042803116142749786
11 0.4403258264064789 0.8271047472953796 0.011456875130534172 0.039732933044433594
11 0.8634620904922485 0.8588570356369019 0.012408468872308731 0.04256216809153557
6 0.41481679677963257 0.49737435579299927 0.011535834521055222 0.1119748204946518
11 0.16475920379161835 0.6383966207504272 0.013510053046047688 0.03550129383802414
0 0.38916754722595215 0.6606472730636597 0.005443797446787357 0.4155592620372772
11 0.751172661781311 0.6163395047187805 0.013469730503857136 0.042258165776729584
5 0.25262451171875 0.7646016478538513 0.04462004452943802 0.07314290851354599
11 0.9074501395225525 0.5690493583679199 0.012376373633742332 0.04082697629928589
11 0.3070032000541687 0.6400981545448303 0.013534300960600376 0.03822413459420204
5 0.29092416167259216 0.7603340744972229 0.04155917465686798 0.06630551069974899
11 0.5302937030792236 0.8246236443519592 0.012818579562008381 0.042726289480924606
11 0.30708763003349304 0.5728842616081238 0.01264390628784895 0.040460821241140366
8 0.0724019706249237 0.5078179836273193 0.008661294355988503 0.07978451251983643
11 0.8208377361297607 0.8550878763198853 0.012942717410624027 0.048225611448287964
8 0.05592777952551842 0.4919884502887726 0.0068953987210989 0.08404582738876343
11 0.44101229310035706 0.6223536729812622 0.012426936998963356 0.03395329788327217
11 0.9074761271476746 0.6363428831100464 0.012925364077091217 0.046254511922597885
6 0.41424304246902466 0.7678936123847961 0.009993364103138447 0.11057537794113159
11 0.5858017206192017 0.556855320930481 0.011848979629576206 0.03615638613700867
11 0.16449633240699768 0.569325864315033 0.013766379095613956 0.04183607175946236
11 0.10131161659955978 0.571189820766449 0.012628796510398388 0.040855925530195236
11 0.44041091203689575 0.5523675084114075 0.012306798249483109 0.03363955393433571
11 0.5865020751953125 0.6243988275527954 0.012727733701467514 0.0335693359375
11 0.9508172869682312 0.6463639736175537 0.013347660191357136 0.042618945240974426
11 0.3465004861354828 0.6234533190727234 0.011842261999845505 0.035571400076150894
6 0.5042434334754944 0.7774620056152344 0.009709158912301064 0.11348042637109756
11 0.9070519208908081 0.8551310896873474 0.014164780266582966 0.04766526445746422
8 0.06253643333911896 0.7504813075065613 0.00795972254127264 0.09269929677248001
11 0.22796903550624847 0.5698685646057129 0.01305808313190937 0.038996703922748566
11 0.6815247535705566 0.8560271263122559 0.013028177432715893 0.04752902686595917
11 0.7508758306503296 0.5432286858558655 0.013427244499325752 0.04479879513382912
11 0.8206037282943726 0.9612360596656799 0.012302392162382603 0.052337646484375
11 0.5858967900276184 0.8758124113082886 0.01405810471624136 0.04748249426484108
11 0.49605077505111694 0.6212775111198425 0.012070653960108757 0.035237498581409454
8 0.07190394401550293 0.8215009570121765 0.008264545351266861 0.08316734433174133
11 0.49566879868507385 0.5684716105461121 0.01252537127584219 0.03692050278186798
6 0.5057117342948914 0.7744185328483582 0.009428408928215504 0.12405193597078323
8 0.06248335540294647 0.43721282482147217 0.007933604530990124 0.0869772806763649
11 0.6813338994979858 0.9602677822113037 0.013149485923349857 0.05079950392246246
11 0.5864522457122803 0.5724185109138489 0.012604249641299248 0.03682195022702217
11 0.3468173146247864 0.5724968314170837 0.012595463544130325 0.03628377616405487
11 0.5302382111549377 0.5747434496879578 0.013564437627792358 0.03007487766444683
0 0.02009093016386032 0.6589134931564331 0.004264474380761385 0.40630730986595154
11 0.751259446144104 0.9601715803146362 0.012151164002716541 0.05223046988248825
11 0.9508708119392395 0.6715708374977112 0.014027859084308147 0.04866187274456024
11 0.9077422618865967 0.6483331918716431 0.011614957824349403 0.039293985813856125
11 0.4056505262851715 0.6198479533195496 0.01124515663832426 0.035215940326452255
11 0.6810314655303955 0.5707918405532837 0.013013054616749287 0.03281748294830322
0 0.9892920851707458 0.6479431986808777 0.0052790516056120396 0.4332908093929291
0 0.019691847264766693 0.4371221959590912 0.005894618574529886 0.8691775798797607
11 0.7514439225196838 0.5726720690727234 0.013255726546049118 0.03351429104804993
11 0.6817381381988525 0.5492590069770813 0.013655337505042553 0.03651570901274681
