18 0.036082345992326736 0.505119800567627 0.02251320146024227 0.2222105711698532
5 0.41672274470329285 0.4917779564857483 0.039377305656671524 0.06402913480997086
11 0.5392266511917114 0.5755602717399597 0.012978238984942436 0.04601053148508072
5 0.1913507878780365 0.4340117871761322 0.038669224828481674 0.06155059486627579
5 0.15666773915290833 0.4342828094959259 0.037619441747665405 0.06062036752700806
1 0.03594111278653145 0.7195021510124207 0.02308647707104683 0.1206894963979721
5 0.45293065905570984 0.4941093623638153 0.03991106152534485 0.06565414369106293
11 0.135393887758255 0.5266352891921997 0.012760155834257603 0.04471646994352341
5 0.7538428902626038 0.48994627594947815 0.03875025361776352 0.07228829711675644
5 0.48996347188949585 0.49173468351364136 0.04149438813328743 0.06361965090036392
11 0.7658531665802002 0.6207313537597656 0.013562207110226154 0.0394982285797596
5 0.2603239119052887 0.4361034035682678 0.038961589336395264 0.06720752269029617
5 0.2945040464401245 0.44491812586784363 0.03777455911040306 0.06732199341058731
5 0.890070378780365 0.4738355576992035 0.03994946926832199 0.07795528322458267
11 0.9024141430854797 0.7683922052383423 0.013507863506674767 0.04625152423977852
11 0.6978421211242676 0.7684144973754883 0.013517764396965504 0.04469400644302368
5 0.7881752848625183 0.4991344213485718 0.03914137929677963 0.0655050203204155
11 0.2730434834957123 0.5158069729804993 0.012242934666574001 0.04262441396713257
11 0.3067348897457123 0.5315788984298706 0.012622390873730183 0.04258226603269577
11 0.10132616758346558 0.7136135697364807 0.011991538107395172 0.03859230503439903
8 0.055906619876623154 0.7440415620803833 0.006511759478598833 0.07912556827068329
11 0.10105744749307632 0.5783122181892395 0.012727733701467514 0.039044253528118134
5 0.7196831107139587 0.48174792528152466 0.03813881427049637 0.07751024514436722
11 0.7661581039428711 0.7711015343666077 0.014539694413542747 0.046258244663476944
11 0.20337055623531342 0.5296663641929626 0.012641620822250843 0.04249914363026619
11 0.8342621326446533 0.620050311088562 0.01253320463001728 0.04386288300156593
5 0.6337927579879761 0.4998447895050049 0.040895458310842514 0.06597921997308731
5 0.5619760751724243 0.4980294704437256 0.0400925911962986 0.0653214380145073
11 0.1696765422821045 0.712418258190155 0.012459944002330303 0.040573492646217346
5 0.5978654623031616 0.5001558661460876 0.039872169494628906 0.06400773674249649
11 0.2382524162530899 0.5755511522293091 0.013343063183128834 0.04183698445558548
11 0.16979333758354187 0.5625024437904358 0.012608179822564125 0.04006856679916382
11 0.4665306508541107 0.5594068169593811 0.012587549164891243 0.045046452432870865
11 0.307160347700119 0.7109273076057434 0.012468334287405014 0.04042448103427887
11 0.7660820484161377 0.5598482489585876 0.01266457699239254 0.044850222766399384
5 0.32891422510147095 0.4571877419948578 0.038938988000154495 0.06484470516443253
11 0.9018962979316711 0.5592278838157654 0.012622853741049767 0.04340778663754463
5 0.8549801707267761 0.46841564774513245 0.03733289986848831 0.06938499212265015
11 0.8342947959899902 0.7702831029891968 0.012948211282491684 0.04508236050605774
5 0.9241430759429932 0.6847088932991028 0.03832969814538956 0.05908864736557007
11 0.697834312915802 0.6261944770812988 0.012466022744774818 0.038684338331222534
11 0.3417636454105377 0.5732886791229248 0.013217619620263577 0.043602149933576584
11 0.611840009689331 0.7384653091430664 0.014665246941149235 0.0453927107155323
11 0.8344604969024658 0.8779322504997253 0.013699346221983433 0.048036590218544006
6 0.34072282910346985 0.9069779515266418 0.011708278208971024 0.11019214242696762
11 0.2382684350013733 0.7089082598686218 0.013066854327917099 0.04161285236477852
5 0.9246550798416138 0.46198010444641113 0.03814294561743736 0.06434551626443863
11 0.5029644966125488 0.5899848341941833 0.012252997606992722 0.04560371860861778
11 0.5398951172828674 0.7392599582672119 0.015034504234790802 0.046987466514110565
11 0.6120412945747375 0.5603523850440979 0.013234891928732395 0.045062724500894547
11 0.3955824375152588 0.7371067404747009 0.01254549901932478 0.0445651076734066
5 0.3264729976654053 0.6411150097846985 0.03363233059644699 0.05154125392436981
11 0.4308990240097046 0.5879983901977539 0.012678910978138447 0.046165838837623596
11 0.833987832069397 0.5409024953842163 0.011830919422209263 0.045181434601545334
11 0.5049718022346497 0.7375710010528564 0.01399674266576767 0.04963838681578636
11 0.3418343663215637 0.7348818182945251 0.012655465863645077 0.03974871709942818
9 0.10130148380994797 0.8158388733863831 0.01286928541958332 0.04246344789862633
11 0.6481391191482544 0.5864354372024536 0.0135300038382411 0.044893600046634674
0 0.37694883346557617 0.6079862117767334 0.005790044087916613 0.4051086902618408
11 0.936525821685791 0.7609409689903259 0.01270325481891632 0.04605358466506004
11 0.39441174268722534 0.5745047330856323 0.012496676295995712 0.04627622663974762
11 0.7319030165672302 0.5879479646682739 0.01402236521244049 0.04938394948840141
8 0.07221654802560806 0.5066357254981995 0.00848434865474701 0.07600530982017517
11 0.8685508370399475 0.5888427495956421 0.013036880642175674 0.04881174489855766
11 0.9369605779647827 0.5288829207420349 0.013269434683024883 0.04465585947036743
11 0.8007338047027588 0.5908032655715942 0.013568354770541191 0.04449702799320221
11 0.3414614200592041 0.8427325487136841 0.013645926490426064 0.039860598742961884
8 0.05569148063659668 0.49040958285331726 0.006549022626131773 0.08150183409452438
11 0.6975258588790894 0.8777166604995728 0.013719310984015465 0.052982036024332047
5 0.12354929745197296 0.4231681823730469 0.03495959937572479 0.0647505670785904
0 0.9899473786354065 0.6099444627761841 0.006285097915679216 0.36058783531188965
0 0.6795563101768494 0.6108865141868591 0.005388936493545771 0.368963360786438
0 0.020594000816345215 0.39747366309165955 0.006617673672735691 0.7737432718276978
8 0.06331472843885422 0.44166094064712524 0.008156360127031803 0.08411481976509094
11 0.23904402554035187 0.8156170845031738 0.014473900198936462 0.044659968465566635
11 0.10107694566249847 0.5096929669380188 0.012290614657104015 0.04580827057361603
6 0.5107564330101013 0.6947415471076965 0.013102594763040543 0.12305840104818344
5 0.1916368007659912 0.8404182195663452 0.046401023864746094 0.054732795804739
6 0.9354574680328369 0.9122615456581116 0.01030852273106575 0.12984439730644226
8 0.07185165584087372 0.7559242248535156 0.007747487165033817 0.07733159512281418
8 0.916599452495575 0.9510608911514282 0.010738053359091282 0.06263231486082077
0 0.019344765692949295 0.4163316786289215 0.005464803893119097 0.8084937930107117
0 0.019704610109329224 0.6228249073028564 0.004369406029582024 0.3453235328197479
8 0.05582653731107712 0.7308719754219055 0.007003216538578272 0.08540744334459305
8 0.06518513709306717 0.4467298686504364 0.008933782577514648 0.09162966907024384
