14 0.5315822958946228 0.14158178865909576 0.02179923839867115 0.1091412752866745
14 0.5488350987434387 0.1433718353509903 0.020078951492905617 0.10972528159618378
1 0.04319083318114281 0.7193261981010437 0.028211945667862892 0.17402522265911102
14 0.5129544138908386 0.146952286362648 0.021868031471967697 0.11266296356916428
14 0.26462802290916443 0.10415546596050262 0.021540364250540733 0.10875135660171509
5 0.16447563469409943 0.6417333483695984 0.041610438376665115 0.1089513972401619
14 0.19181394577026367 0.13133569061756134 0.021057073026895523 0.11978915333747864
11 0.7609429955482483 0.20159600675106049 0.013256064616143703 0.06407876312732697
14 0.8492603898048401 0.9429404139518738 0.02128490060567856 0.11411920934915543
13 0.07944438606500626 0.7692434191703796 0.01084897667169571 0.14802487194538116
18 0.042926158756017685 0.24363338947296143 0.02576598711311817 0.3522382080554962
14 0.8680675625801086 0.3527865409851074 0.021267320960760117 0.10487859696149826
14 0.4785817265510559 0.18989811837673187 0.02047005295753479 0.12487427145242691
5 0.4523748755455017 0.6909509897232056 0.039400458335876465 0.10366104543209076
14 0.9617633819580078 0.3782535791397095 0.020540369674563408 0.11929384618997574
11 0.9011867046356201 0.6483017802238464 0.01369438786059618 0.07183896005153656
14 0.8683688044548035 0.9133737683296204 0.021870408207178116 0.13722489774227142
11 0.5967751145362854 0.3379429280757904 0.01508761290460825 0.06877584010362625
14 0.44364476203918457 0.14531266689300537 0.021574515849351883 0.12827254831790924
11 0.46399974822998047 0.7900426387786865 0.014530358836054802 0.06931599974632263
14 0.849217414855957 0.35663744807243347 0.022489190101623535 0.10269803553819656
14 0.2474822700023651 0.10584861040115356 0.02134360373020172 0.10189548879861832
11 0.8167593479156494 0.27545344829559326 0.015190533362329006 0.06950312107801437
14 0.7187427878379822 0.6870871782302856 0.022095264866948128 0.12812568247318268
14 0.94270920753479 0.3658487796783447 0.0215850081294775 0.12942646443843842
14 0.1554911583662033 0.10073962062597275 0.02223028428852558 0.13423997163772583
5 0.6444274187088013 0.22034300863742828 0.034127216786146164 0.11422878503799438
14 0.2289135456085205 0.1037384569644928 0.022264759987592697 0.10348567366600037
14 0.886454164981842 0.8919307589530945 0.02226065658032894 0.1385149508714676
14 0.9239176511764526 0.3497844338417053 0.022279759868979454 0.12200774252414703
14 0.8867449164390564 0.3518064618110657 0.02236694097518921 0.10553330928087234
11 0.49864423274993896 0.7284991145133972 0.014766695909202099 0.07063281536102295
14 0.7375422716140747 0.6542531251907349 0.020850345492362976 0.116500623524189
11 0.8463135957717896 0.8414350748062134 0.01614530198276043 0.07486892491579056
5 0.5884407162666321 0.21911829710006714 0.032681435346603394 0.09459364414215088
13 0.07025826722383499 0.14793790876865387 0.011730454862117767 0.1511726677417755
11 0.7975320816040039 0.25022777915000916 0.013722102157771587 0.0740346759557724
13 0.10661564022302628 0.2653001844882965 0.011915723793208599 0.15475057065486908
11 0.28721991181373596 0.2728445827960968 0.014777817763388157 0.06884356588125229
11 0.6244533658027649 0.7923932075500488 0.013984988443553448 0.06694464385509491
11 0.8638269305229187 0.7489675879478455 0.01455309521406889 0.06783854961395264
11 0.3462814688682556 0.7490250468254089 0.014680726453661919 0.07353678345680237
13 0.0785897746682167 0.22674095630645752 0.010728027671575546 0.1488647609949112
5 0.3654486835002899 0.20061637461185455 0.03296254947781563 0.10575074702501297
14 0.1741931438446045 0.12302993983030319 0.022383231669664383 0.13640736043453217
5 0.5881116986274719 0.7646074295043945 0.033663153648376465 0.0906321182847023
11 0.2141258865594864 0.6788169145584106 0.014946123585104942 0.06978196650743484
11 0.8826293349266052 0.6763178706169128 0.014764408580958843 0.07525565475225449
11 0.779317319393158 0.7270231246948242 0.01508128922432661 0.07300504297018051
11 0.17747090756893158 0.7453637719154358 0.014132553711533546 0.06364677846431732
14 0.6673285961151123 0.20183834433555603 0.02217482030391693 0.11590233445167542
11 0.2882798910140991 0.9114554524421692 0.01524504367262125 0.07112069427967072
11 0.17769461870193481 0.27005553245544434 0.013972902670502663 0.06776851415634155
13 0.10640860348939896 0.8121435642242432 0.011906194500625134 0.16264158487319946
11 0.8460984230041504 0.20021431148052216 0.015531541779637337 0.07671596109867096
5 0.30759578943252563 0.1676066815853119 0.03375311568379402 0.09121545404195786
11 0.723397970199585 0.8417980074882507 0.014945406466722488 0.06768960505723953
11 0.7791573405265808 0.22560997307300568 0.014628436416387558 0.0702725350856781
11 0.9389239549636841 0.22331871092319489 0.013686584308743477 0.06766331195831299
11 0.4462584853172302 0.41401365399360657 0.01531228981912136 0.06422213464975357
5 0.30730316042900085 0.7272945642471313 0.03319801390171051 0.10258974879980087
14 0.7568579316139221 0.6399422287940979 0.022385282441973686 0.10930367559194565
13 0.0700436681509018 0.6945091485977173 0.012007641606032848 0.14678643643856049
11 0.7420198917388916 0.7681013941764832 0.013430963270366192 0.06855195760726929
11 0.5514053106307983 0.2897345721721649 0.013365174643695354 0.06321389973163605
11 0.7041539549827576 0.9378147721290588 0.013567742891609669 0.06435094028711319
11 0.6527444124221802 0.3595351576805115 0.013573842123150826 0.06845326721668243
13 0.08825737982988358 0.6700549125671387 0.012335256673395634 0.15065251290798187
11 0.14090566337108612 0.8374125361442566 0.015466593205928802 0.0664963573217392
11 0.4810624122619629 0.41793182492256165 0.015584190376102924 0.06529591232538223
11 0.8646532893180847 0.2237769365310669 0.014416135847568512 0.06931063532829285
14 0.4610285460948944 0.17223960161209106 0.021533392369747162 0.1405140608549118
14 0.38983872532844543 0.19945165514945984 0.023303590714931488 0.10682939738035202
11 0.9200222492218018 0.19752050936222076 0.015761511400341988 0.07057656347751617
11 0.9207445383071899 0.6258794665336609 0.015208382159471512 0.07237503677606583
11 0.9761043787002563 0.27011826634407043 0.014093335717916489 0.06623249500989914
11 0.5967404842376709 0.8675718307495117 0.015140620060265064 0.06300695240497589
11 0.14043819904327393 0.24833433330059052 0.014662407338619232 0.06907524913549423
13 0.08903432637453079 0.13143940269947052 0.011758343316614628 0.15559320151805878
11 0.7426833510398865 0.17500382661819458 0.014084456488490105 0.06663335114717484
14 0.7569455504417419 0.04934718459844589 0.023448890075087547 0.09869436919689178
11 0.6246941685676575 0.3622397482395172 0.014704808592796326 0.0692659467458725
11 0.5161684155464172 0.27131691575050354 0.014222715981304646 0.06545432657003403
11 0.25076475739479065 0.22047904133796692 0.014226146973669529 0.06968170404434204
11 0.46341535449028015 0.3165382742881775 0.014560719020664692 0.06569165736436844
11 0.23243005573749542 0.3646688163280487 0.015059135854244232 0.0687783882021904
11 0.7050092220306396 0.33886846899986267 0.01491374522447586 0.07195134460926056
11 0.9573973417282104 0.24770502746105194 0.014415866695344448 0.07511380314826965
11 0.19548076391220093 0.36069488525390625 0.013782307505607605 0.06694010645151138
14 0.252735435962677 0.10528653860092163 0.014096654951572418 0.11418566107749939
14 0.7825363278388977 0.37114548683166504 0.021863769739866257 0.11521711945533752
0 0.6856215596199036 0.502923846244812 0.006643862929195166 0.7247202396392822
14 0.8019241094589233 0.38986027240753174 0.022739609703421593 0.10800659656524658
11 0.5683668255805969 0.32200825214385986 0.014622023329138756 0.057559072971343994
11 0.4985205829143524 0.29578742384910583 0.014278100803494453 0.0726267471909523
13 0.33291441202163696 0.3237721621990204 0.011978160589933395 0.1463034600019455
11 0.31755873560905457 0.8157622218132019 0.013770782388746738 0.0605241023004055
11 0.9013216495513916 0.17674466967582703 0.014083470217883587 0.0718085989356041
13 0.09712240844964981 0.18753191828727722 0.011242229491472244 0.1646471619606018
11 0.2691248655319214 0.3656758964061737 0.014546772465109825 0.06683283299207687
11 0.6696789264678955 0.3179495334625244 0.01542767882347107 0.05958828702569008
11 0.760298490524292 0.7465178966522217 0.01592990756034851 0.07400038838386536
11 0.37531396746635437 0.36385321617126465 0.014006626792252064 0.06992562860250473
11 0.21352246403694153 0.2392054796218872 0.01500722672790289 0.07435126602649689
11 0.3935171961784363 0.3185133934020996 0.013643845915794373 0.05951829254627228
11 0.3170395493507385 0.2911313474178314 0.01473483256995678 0.0715462937951088
5 0.8020474910736084 0.3952290415763855 0.02336771972477436 0.1030130386352539
11 0.4296755790710449 0.29471009969711304 0.014075442217290401 0.06817254424095154
0 0.4107494652271271 0.5084384083747864 0.006273257080465555 0.716754138469696
13 0.09765341132879257 0.7425416707992554 0.01103717740625143 0.1456966996192932
11 0.8830521702766418 0.25884920358657837 0.015904389321804047 0.06828272342681885
11 0.5336917042732239 0.24064894020557404 0.013904983177781105 0.08718696981668472
5 0.7290472388267517 0.05207272991538048 0.04224292188882828 0.10414545983076096
11 0.1593625247478485 0.36311304569244385 0.014453413896262646 0.07033466547727585
11 0.568535327911377 0.954426646232605 0.014450487680733204 0.06072310358285904
0 0.9923986196517944 0.48640915751457214 0.005755242891609669 0.7466103434562683
13 0.09119293838739395 0.15788228809833527 0.01147334836423397 0.16857583820819855
0 0.025075972080230713 0.5012218356132507 0.004532801918685436 0.7571636438369751
0 0.024288401007652283 0.4911319315433502 0.004866068251430988 0.7536991834640503
11 0.3920263946056366 0.31759026646614075 0.01751946657896042 0.06845664978027344
11 0.8830308318138123 0.23896673321723938 0.016085028648376465 0.07292041182518005
14 0.7304143905639648 0.04795423895120621 0.03871767967939377 0.09590847790241241
