1 0.044072337448596954 0.8109486103057861 0.0290731992572546 0.13369129598140717
5 0.7534641623497009 0.7587139010429382 0.038029227405786514 0.08399054408073425
14 0.1739339828491211 0.5835014581680298 0.02727203443646431 0.08240200579166412
11 0.7985080480575562 0.7878347635269165 0.015019265934824944 0.05972308665513992
14 0.5799861550331116 0.4607178568840027 0.020423533394932747 0.10671565681695938
14 0.6556312441825867 0.3877420723438263 0.02188187651336193 0.08622389286756516
14 0.2637321352958679 0.4339714050292969 0.023976057767868042 0.10175497084856033
14 0.19668781757354736 0.5838307738304138 0.02593003399670124 0.08197619765996933
14 0.636711061000824 0.38767164945602417 0.02285117655992508 0.08653189986944199
11 0.9765576720237732 0.3155471980571747 0.014399276115000248 0.051866549998521805
11 0.9327736496925354 0.31681519746780396 0.014894281513988972 0.055075835436582565
14 0.9619859457015991 0.43311846256256104 0.021299947053194046 0.0837709829211235
14 0.28827592730522156 0.39984074234962463 0.025142427533864975 0.10688012093305588
5 0.8973300457000732 0.8215489983558655 0.032348230481147766 0.08166643232107162
11 0.7644805908203125 0.8380218744277954 0.013942374847829342 0.056909624487161636
11 0.959463357925415 0.3585333228111267 0.014875363558530807 0.05376207083463669
14 0.8247966766357422 0.4505355656147003 0.03380285203456879 0.10565296560525894
11 0.7984625101089478 0.26175010204315186 0.016467344015836716 0.06310161203145981
11 0.932657778263092 0.8457755446434021 0.015543590299785137 0.05855516344308853
11 0.32737866044044495 0.2170747071504593 0.014511977322399616 0.057302191853523254
18 0.042833030223846436 0.3768968880176544 0.025886503979563713 0.2863525152206421
14 0.7502731084823608 0.4446221888065338 0.0197356715798378 0.10622566193342209
11 0.633486807346344 0.2733191251754761 0.015277886763215065 0.05365268513560295
14 0.33371463418006897 0.3473113179206848 0.02622949331998825 0.09501812607049942
11 0.19049789011478424 0.47918465733528137 0.014417308382689953 0.05532289668917656
14 0.5980010032653809 0.44722843170166016 0.020429808646440506 0.08394945412874222
11 0.4189384877681732 0.10234489291906357 0.014673586934804916 0.0548892505466938
14 0.7672218084335327 0.4645393192768097 0.0204266719520092 0.0945357084274292
11 0.8616152405738831 0.348906546831131 0.014517984353005886 0.056060999631881714
14 0.8488666415214539 0.4668036103248596 0.020862950012087822 0.09995369613170624
14 0.4241441786289215 0.36416369676589966 0.026267532259225845 0.12783671915531158
13 0.08827780187129974 0.7809906601905823 0.012196972966194153 0.12859958410263062
11 0.37331584095954895 0.09928920865058899 0.01524390559643507 0.05192665010690689
14 0.24181222915649414 0.45570558309555054 0.025834502652287483 0.09804945439100266
11 0.6119811534881592 0.2593390643596649 0.014782118611037731 0.057884518057107925
11 0.5762109160423279 0.3731931746006012 0.013904360122978687 0.056887224316596985
13 0.07944373041391373 0.8554884195327759 0.01104427594691515 0.12662623822689056
14 0.6767815947532654 0.3893558382987976 0.028489677235484123 0.08809655159711838
11 0.21315762400627136 0.4244292080402374 0.014595426619052887 0.057946063578128815
11 0.2363777905702591 0.3664397895336151 0.01513566542416811 0.055059973150491714
11 0.878412127494812 0.2774128019809723 0.01558877807110548 0.05754583328962326
14 0.35582268238067627 0.3449975550174713 0.026805685833096504 0.09775818884372711
11 0.3046151399612427 0.2408072054386139 0.015419434756040573 0.06481833755970001
11 0.7313187122344971 0.2610195279121399 0.01643981784582138 0.06170707568526268
11 0.6686558127403259 0.2762303650379181 0.015562642365694046 0.055414751172065735
13 0.10660243779420853 0.3956865668296814 0.013143493793904781 0.13962237536907196
13 0.10659969598054886 0.888864278793335 0.01244139950722456 0.11978761851787567
11 0.8152493834495544 0.34662407636642456 0.014289623126387596 0.056583136320114136
11 0.7643975019454956 0.2763350009918213 0.015583577565848827 0.057928021997213364
11 0.39678752422332764 0.0846322551369667 0.015455231070518494 0.058722998946905136
11 0.9057394862174988 0.8999451994895935 0.01460271142423153 0.051155343651771545
11 0.14557810127735138 0.7813637256622314 0.01592712663114071 0.05885523557662964
14 0.1504197120666504 0.5854889750480652 0.025966212153434753 0.07707785069942474
14 0.7337037920951843 0.4406917691230774 0.0199558287858963 0.09845221042633057
14 0.8014953136444092 0.4406774342060089 0.020601684227585793 0.091885507106781
0 0.7122700810432434 0.6035968065261841 0.006739778444170952 0.651428759098053
11 0.7823848724365234 0.35011017322540283 0.017449824139475822 0.06394126266241074
11 0.25962382555007935 0.34963011741638184 0.01608290895819664 0.049940627068281174
13 0.07103435695171356 0.7934530377388 0.01147468201816082 0.12468142062425613
11 0.44150838255882263 0.08284074068069458 0.014999809674918652 0.05792585760354996
11 0.5948625802993774 0.3540878891944885 0.016813650727272034 0.06064505875110626
13 0.07063521444797516 0.30964580178260803 0.011331822723150253 0.12123140692710876
11 0.748616635799408 0.35214293003082275 0.015758994966745377 0.06316252797842026
11 0.1450875848531723 0.15319550037384033 0.015876123681664467 0.05222409963607788
5 0.8861669898033142 0.38119009137153625 0.032545655965805054 0.07583140581846237
11 0.4627626836299896 0.02422012947499752 0.016150489449501038 0.04844025894999504
0 0.49355873465538025 0.6174448728561401 0.007385545410215855 0.6139143109321594
11 0.7313889861106873 0.916454553604126 0.016451653093099594 0.05970101058483124
11 0.34977415204048157 0.1561753749847412 0.01455945149064064 0.05208141356706619
12 0.23350338637828827 0.8210108876228333 0.014322281815111637 0.13554103672504425
0 0.024049779400229454 0.6060571074485779 0.004551648162305355 0.6204977035522461
11 0.14516852796077728 0.9098809361457825 0.015239501371979713 0.06455320864915848
5 0.9402285218238831 0.4416176378726959 0.0304989293217659 0.07688917964696884
14 0.37959086894989014 0.3434167504310608 0.027511680498719215 0.09834537655115128
14 0.37786442041397095 0.2632429301738739 0.025170668959617615 0.08608131855726242
0 0.024947015568614006 0.6147083640098572 0.00447313254699111 0.628155529499054
6 0.15335431694984436 0.7226630449295044 0.01174655556678772 0.16428108513355255
11 0.16814783215522766 0.4966467618942261 0.014759255573153496 0.05617840960621834
11 0.8468201160430908 0.23887676000595093 0.015845470130443573 0.06005474552512169
11 0.905881941318512 0.2953525185585022 0.014448139816522598 0.060057803988456726
13 0.09711410850286484 0.3331533968448639 0.010998252779245377 0.13369342684745789
14 0.3541814088821411 0.2686884105205536 0.024842720478773117 0.09066507965326309
8 0.1891953945159912 0.8337706327438354 0.011397043243050575 0.10267680883407593
13 0.0788252204656601 0.3644620180130005 0.01236512791365385 0.1157720759510994
13 0.1660601794719696 0.8585385084152222 0.013305552303791046 0.13019207119941711
13 0.09606371819972992 0.8008744716644287 0.011894778348505497 0.14477673172950745
0 0.49265336990356445 0.6154083609580994 0.005180344916880131 0.6167163848876953
11 0.2819777727127075 0.2956090271472931 0.015027761459350586 0.0592624694108963
8 0.5575166940689087 0.41691040992736816 0.012101368047297001 0.1312858611345291
