14 0.35846155881881714 0.4008123576641083 0.019549906253814697 0.135056734085083
14 0.21515941619873047 0.4030715823173523 0.019530195742845535 0.13385654985904694
14 0.5202156901359558 0.3953610956668854 0.021837804466485977 0.11975884437561035
14 0.6712886095046997 0.3450244665145874 0.024369800463318825 0.1139763817191124
14 0.14455115795135498 0.4034782946109772 0.022591449320316315 0.14551058411598206
14 0.8290725946426392 0.38901370763778687 0.019898267462849617 0.11804793030023575
1 0.042801883071660995 0.8050323128700256 0.028185436502099037 0.19258707761764526
14 0.5956107378005981 0.3854261636734009 0.02174026519060135 0.12316639721393585
11 0.8594670295715332 0.049722909927368164 0.014964062720537186 0.07973872125148773
14 0.2871936857700348 0.4017365872859955 0.01986393891274929 0.1342383772134781
14 0.3049758970737457 0.4217127859592438 0.022405238822102547 0.13930709660053253
14 0.6917761564254761 0.34199079871177673 0.024191493168473244 0.11602705717086792
14 0.8450982570648193 0.38886207342147827 0.02111968956887722 0.11677606403827667
14 0.23263520002365112 0.42079249024391174 0.02205905131995678 0.14981837570667267
11 0.909269392490387 0.25706717371940613 0.013984719291329384 0.07799723744392395
14 0.25186315178871155 0.43006816506385803 0.020619142800569534 0.14256137609481812
14 0.8954911231994629 0.37014564871788025 0.018652360886335373 0.12729568779468536
14 0.8627220988273621 0.38796722888946533 0.021295215934515 0.11475325375795364
5 0.22561338543891907 0.8173901438713074 0.03979391232132912 0.12283363938331604
14 0.48316290974617004 0.45029309391975403 0.022615252062678337 0.1155659407377243
11 0.14103280007839203 0.7596372365951538 0.015486381947994232 0.07880671322345734
14 0.7780811190605164 0.4247051477432251 0.019676191732287407 0.14017997682094574
14 0.5392911434173584 0.3934534788131714 0.021458903327584267 0.1151987612247467
14 0.46475496888160706 0.4548177123069763 0.022515514865517616 0.11107988655567169
14 0.1629178375005722 0.42179548740386963 0.020471666008234024 0.1461351364850998
13 0.10666478425264359 0.9057053923606873 0.011396924965083599 0.1628025621175766
14 0.32396572828292847 0.43925684690475464 0.020128551870584488 0.13172724843025208
14 0.5581009984016418 0.3925420939922333 0.022307610139250755 0.11778642982244492
14 0.6146827936172485 0.38742271065711975 0.022278593853116035 0.11415580660104752
5 0.6815779209136963 0.8501856327056885 0.04284188151359558 0.13574263453483582
11 0.2486211508512497 0.179417684674263 0.014720728620886803 0.07588952034711838
14 0.9129382967948914 0.40740540623664856 0.020975913852453232 0.15063557028770447
11 0.7272263765335083 0.12060631811618805 0.014044363982975483 0.08037573844194412
5 0.3685712218284607 0.8148358464241028 0.040981028228998184 0.12230948358774185
11 0.7061035633087158 0.6820860505104065 0.015508624725043774 0.0790218785405159
14 0.37645798921585083 0.4135814309120178 0.02163907140493393 0.13901463150978088
14 0.761795163154602 0.41290801763534546 0.018866589292883873 0.1350075751543045
14 0.1800840049982071 0.43920546770095825 0.02046600542962551 0.13739846646785736
11 0.46034446358680725 0.3338935375213623 0.013825023546814919 0.07373405247926712
5 0.18940813839435577 0.8353905081748962 0.041060671210289 0.12326172739267349
11 0.6300859451293945 0.682037353515625 0.01670941710472107 0.08380139619112015
5 0.8374853730201721 0.816469132900238 0.03778538107872009 0.12426357716321945
13 0.08802781999111176 0.7565054297447205 0.011772038415074348 0.17228662967681885
11 0.7922793626785278 0.09882929921150208 0.015558628365397453 0.07927320152521133
14 0.92987459897995 0.4305948317050934 0.019994687288999557 0.15727965533733368
14 0.44589897990226746 0.45354172587394714 0.021835697814822197 0.10726048052310944
5 0.6052613854408264 0.9034592509269714 0.041823163628578186 0.11989691853523254
11 0.8092748522758484 0.28166505694389343 0.014601887203752995 0.07548613101243973
14 0.710620641708374 0.3417108654975891 0.023864341899752617 0.11632533371448517
11 0.9442455172538757 0.28249695897102356 0.016672149300575256 0.09097838401794434
14 0.7956864833831787 0.44037559628486633 0.020428165793418884 0.14090017974376678
11 0.5546805262565613 0.23026873171329498 0.014369765296578407 0.07353968918323517
13 0.07018591463565826 0.780161440372467 0.011866847984492779 0.17460784316062927
14 0.6332440972328186 0.38380926847457886 0.02215549349784851 0.11806715279817581
14 0.3947063386440277 0.4248502254486084 0.021350421011447906 0.14568620920181274
11 0.6675097942352295 0.6063110828399658 0.01613198220729828 0.08321427553892136
11 0.517101526260376 0.6280373334884644 0.01623445376753807 0.08123675733804703
18 0.04271437227725983 0.26683151721954346 0.025903336703777313 0.402946799993515
11 0.8934432864189148 0.7633361220359802 0.015243541449308395 0.08493641763925552
11 0.9604072570800781 0.15782451629638672 0.014997427351772785 0.0796540156006813
5 0.6427955627441406 0.8767661452293396 0.04127025976777077 0.12568384408950806
11 0.1953706592321396 0.2801898121833801 0.016814906150102615 0.07513940334320068
5 0.5311948657035828 0.8667721152305603 0.04044855013489723 0.12462107837200165
11 0.8271200656890869 0.06944748014211655 0.015310989692807198 0.0795239806175232
11 0.6300855875015259 0.22910930216312408 0.015167438425123692 0.07729710638523102
5 0.9048372507095337 0.8596165180206299 0.038191236555576324 0.13009443879127502
11 0.4979511797428131 0.23060312867164612 0.013734076172113419 0.07242617756128311
11 0.3203817307949066 0.17981012165546417 0.014793312177062035 0.07358434796333313
14 0.681645929813385 0.3425487279891968 0.011219391599297523 0.11165623366832733
5 0.45529261231422424 0.9176393747329712 0.04247993230819702 0.10626814514398575
11 0.6107317805290222 0.25734034180641174 0.013593753799796104 0.07599681615829468
11 0.5548980832099915 0.7070564031600952 0.014772570692002773 0.07586121559143066
11 0.4090975224971771 0.2813517451286316 0.014484974555671215 0.0745127946138382
5 0.15343762934207916 0.8634241819381714 0.040770865976810455 0.1239013671875
11 0.24860312044620514 0.6560977101325989 0.016283022239804268 0.07977462559938431
11 0.5927347540855408 0.12198776006698608 0.014162846840918064 0.07718067616224289
11 0.3922295868396759 0.17553292214870453 0.01393776573240757 0.07242555171251297
11 0.9269457459449768 0.09693370014429092 0.01534534152597189 0.07958952337503433
11 0.4794684946537018 0.7056245803833008 0.015058597549796104 0.07410616427659988
13 0.07905597984790802 0.8630231022834778 0.01161198876798153 0.17172299325466156
11 0.2124219387769699 0.12187820672988892 0.014683821238577366 0.07920244336128235
11 0.6681386232376099 0.1206376701593399 0.01393216010183096 0.07151050865650177
11 0.8598302602767944 0.6573286056518555 0.016415990889072418 0.08271431177854538
11 0.44206351041793823 0.80983567237854 0.013871573843061924 0.07343742251396179
11 0.4793166518211365 0.280929833650589 0.013718469999730587 0.07181715220212936
11 0.28459104895591736 0.7590785622596741 0.01593170128762722 0.08232945948839188
11 0.8432459235191345 0.2569443881511688 0.015858018770813942 0.07643131911754608
11 0.5178667306900024 0.15243709087371826 0.014472597278654575 0.07804471254348755
5 0.8039484620094299 0.830431342124939 0.038977742195129395 0.1313515305519104
13 0.07002628594636917 0.16887351870536804 0.01092605572193861 0.16201266646385193
11 0.4426342248916626 0.1530684232711792 0.012919990345835686 0.06957881152629852
11 0.17657215893268585 0.09318532794713974 0.014851118437945843 0.0759686604142189
11 0.28434479236602783 0.1502547413110733 0.014679246582090855 0.08118119835853577
13 0.10671728104352951 0.3050699830055237 0.011156080290675163 0.17031502723693848
5 0.33299708366394043 0.8366434574127197 0.040205035358667374 0.12016499787569046
11 0.2129557877779007 0.5613622069358826 0.014541995711624622 0.06567689031362534
11 0.5355280637741089 0.27937051653862 0.012966450303792953 0.07221779972314835
11 0.15889078378677368 0.2773238718509674 0.013542719185352325 0.07295253127813339
11 0.7057855129241943 0.09392230212688446 0.013944941572844982 0.07486662268638611
11 0.7588973045349121 0.15158335864543915 0.014759655110538006 0.07809136807918549
5 0.4931502938270569 0.895624577999115 0.04158785939216614 0.12390872091054916
11 0.8934109807014465 0.07478393614292145 0.015734603628516197 0.08832352608442307
11 0.9267425537109375 0.6565462946891785 0.016175078228116035 0.08684496581554413
11 0.14113126695156097 0.15320533514022827 0.015320295467972755 0.07765419781208038
11 0.35637208819389343 0.5699621438980103 0.016300871968269348 0.06583767384290695
11 0.23031571507453918 0.2792071998119354 0.013596533797681332 0.0751626044511795
11 0.266620397567749 0.28037214279174805 0.012537522241473198 0.07258665561676025
11 0.648663341999054 0.15141068398952484 0.014000998809933662 0.07831623405218124
0 0.42576879262924194 0.5611517429351807 0.005940142087638378 0.850304901599884
11 0.30166956782341003 0.27964863181114197 0.013317682780325413 0.07154646515846252
13 0.0881689190864563 0.1434132605791092 0.01162340771406889 0.16602584719657898
14 0.6770946979522705 0.34752094745635986 0.014527308754622936 0.11339999735355377
11 0.37428537011146545 0.2787010967731476 0.017375174909830093 0.07250220328569412
11 0.5923632979393005 0.7835465669631958 0.014547175727784634 0.07701991498470306
0 0.7426832318305969 0.5531301498413086 0.005340374540537596 0.7855316400527954
11 0.8766160011291504 0.2261078655719757 0.014982987195253372 0.07815748453140259
11 0.3378480076789856 0.28256410360336304 0.013436995446681976 0.07193610817193985
11 0.5733670592308044 0.15183304250240326 0.014180381782352924 0.07815457880496979
11 0.9600436091423035 0.5723996758460999 0.016551783308386803 0.07562701404094696
11 0.35581451654434204 0.2309168428182602 0.014676219783723354 0.06967582553625107
11 0.17657256126403809 0.6537969708442688 0.015831997618079185 0.08484318852424622
11 0.8269665241241455 0.5688384771347046 0.014912040904164314 0.0725230872631073
5 0.7691551446914673 0.8585083484649658 0.03698510676622391 0.11000696569681168
11 0.7596497535705566 0.7604779005050659 0.014613727107644081 0.08279522508382797
11 0.3203163146972656 0.6560767889022827 0.015837188810110092 0.08801411837339401
5 0.2964785099029541 0.8541592955589294 0.039574190974235535 0.12811008095741272
0 0.024547139182686806 0.537062406539917 0.004120779689401388 0.8122159838676453
11 0.7920945882797241 0.6566367149353027 0.01681099273264408 0.08383527398109436
13 0.09700074046850204 0.7976350784301758 0.010705643333494663 0.19470743834972382
11 0.6864849328994751 0.229753777384758 0.013272881507873535 0.07635805755853653
0 0.025272389873862267 0.5476497411727905 0.004541086032986641 0.8218849897384644
13 0.0787336453795433 0.2504357099533081 0.011561616323888302 0.15484793484210968
11 0.3918136954307556 0.6555379033088684 0.015141472220420837 0.07905562222003937
11 0.9428257346153259 0.2792224884033203 0.014593456871807575 0.07323339581489563
0 0.9919911026954651 0.552459180355072 0.006230877712368965 0.7946860194206238
13 0.08941210806369781 0.769596517086029 0.012203600257635117 0.19376513361930847
13 0.0967099592089653 0.22494132816791534 0.009694342501461506 0.18038620054721832
