14 0.60741126537323 0.3315901458263397 0.020969783887267113 0.10499047487974167
11 0.9327129125595093 0.08389559388160706 0.014223148114979267 0.06491713970899582
5 0.5475160479545593 0.9374347925186157 0.03316974267363548 0.10952188819646835
14 0.6449958086013794 0.32977092266082764 0.022155314683914185 0.1032828837633133
8 0.1068115234375 0.29247501492500305 0.008339974097907543 0.14122535288333893
11 0.3215954303741455 0.7529419660568237 0.014509676024317741 0.0650743693113327
5 0.8802123069763184 0.6214306950569153 0.03623541072010994 0.09782353043556213
14 0.6263896226882935 0.3302355110645294 0.021089356392621994 0.10163724422454834
11 0.7851405143737793 0.5461200475692749 0.016089754179120064 0.06949694454669952
11 0.32183775305747986 0.9315654635429382 0.01403495017439127 0.06311149150133133
18 0.04202890768647194 0.2710898518562317 0.027917897328734398 0.3858559727668762
5 0.547080397605896 0.3357086181640625 0.033225804567337036 0.09965281188488007
11 0.2657647132873535 0.14004714787006378 0.015080115757882595 0.07066616415977478
11 0.40275028347969055 0.9592069387435913 0.014540158212184906 0.0643390342593193
11 0.20993326604366302 0.5494351387023926 0.01558122131973505 0.06934379041194916
5 0.9159865975379944 0.6311187148094177 0.0428447462618351 0.1053672581911087
11 0.8575732111930847 0.7304006218910217 0.014947176910936832 0.07189840078353882
11 0.9324814081192017 0.9293283820152283 0.015079101547598839 0.07211955636739731
5 0.31267639994621277 0.630098283290863 0.03233356773853302 0.09389714151620865
11 0.9325346946716309 0.7519299983978271 0.015336821787059307 0.07612717151641846
1 0.04161945357918739 0.8041437268257141 0.02851591631770134 0.21327297389507294
11 0.3574219346046448 0.1396799236536026 0.015094095841050148 0.06439847499132156
11 0.8177944421768188 0.8066254258155823 0.015475818887352943 0.07590626925230026
8 0.0675930604338646 0.2444315105676651 0.010496832430362701 0.13867558538913727
11 0.6419228911399841 0.7328477501869202 0.015320979058742523 0.07379745692014694
11 0.32139280438423157 0.13991008698940277 0.013505554758012295 0.0623316690325737
11 0.46985095739364624 0.6673715710639954 0.014626136049628258 0.05442708730697632
11 0.40317586064338684 0.21537913382053375 0.014480726793408394 0.06561483442783356
11 0.8900440335273743 0.10919215530157089 0.013858964666724205 0.07305333763360977
11 0.9643728137016296 0.7978666424751282 0.01598852314054966 0.07534942030906677
5 0.5800744295120239 0.9032124876976013 0.04037552326917648 0.1171288713812828
5 0.457925021648407 0.5787393450737 0.04238588735461235 0.09473618865013123
5 0.16248288750648499 0.27929529547691345 0.03342264145612717 0.09845100343227386
11 0.2654688060283661 0.7314708828926086 0.01493729930371046 0.06941717118024826
5 0.28495752811431885 0.6184722781181335 0.03187626600265503 0.08732041716575623
5 0.42394551634788513 0.5874637365341187 0.03364647179841995 0.11027058213949203
11 0.537847101688385 0.6509198546409607 0.016102813184261322 0.06744460761547089
8 0.1066039502620697 0.8747317790985107 0.009345345199108124 0.1533692479133606
14 0.43685123324394226 0.33071455359458923 0.02161978930234909 0.10194960236549377
5 0.16278314590454102 0.9294503331184387 0.03305692598223686 0.10236260294914246
11 0.6603471636772156 0.21563678979873657 0.013352766633033752 0.06338492780923843
8 0.06713840365409851 0.8336228728294373 0.008544279262423515 0.1468382328748703
5 0.7196440696716309 0.9211382865905762 0.045454949140548706 0.1142580658197403
8 0.11693297326564789 0.8060954809188843 0.010449954308569431 0.13778553903102875
11 0.20963819324970245 0.14114615321159363 0.01541091687977314 0.06748070567846298
11 0.6049704551696777 0.651163637638092 0.016158875077962875 0.06257091462612152
14 0.5706424713134766 0.3278052806854248 0.021936634555459023 0.09878312051296234
5 0.4125545620918274 0.3342178761959076 0.033361028879880905 0.09818483144044876
14 0.708019495010376 0.3331541121006012 0.0214888546615839 0.09670374542474747
11 0.8903196454048157 0.8009562492370605 0.016041142866015434 0.07276181876659393
11 0.7649539709091187 0.2216179519891739 0.014186466112732887 0.06340819597244263
11 0.5673978328704834 0.7346963286399841 0.014897717162966728 0.07441363483667374
8 0.07795494049787521 0.7448754906654358 0.010744703933596611 0.13938036561012268
11 0.8182030320167542 0.2195378690958023 0.015464408323168755 0.06977938860654831
11 0.5190014839172363 0.2169775366783142 0.014695540070533752 0.0645083487033844
11 0.4325757920742035 0.7811574339866638 0.015123752877116203 0.0647597536444664
11 0.5679320693016052 0.2176072597503662 0.01461524423211813 0.06504365801811218
11 0.1542235165834427 0.8084712028503418 0.01574353501200676 0.07227695733308792
11 0.357820063829422 0.8031726479530334 0.015538834035396576 0.07198672741651535
11 0.785071074962616 0.22247400879859924 0.01461618673056364 0.06577572971582413
5 0.21803568303585052 0.9342090487480164 0.03261689096689224 0.10015938431024551
11 0.4327937960624695 0.2149963676929474 0.013768578879535198 0.06396805495023727
11 0.1818085014820099 0.7111552953720093 0.014876511879265308 0.06841148436069489
8 0.11597976088523865 0.20872719585895538 0.010136079043149948 0.13140197098255157
11 0.5001763701438904 0.7803754210472107 0.015515141189098358 0.06552466005086899
11 0.6420308351516724 0.2170366495847702 0.015141669660806656 0.0660548210144043
11 0.402371346950531 0.7799944877624512 0.01583993062376976 0.07054194808006287
11 0.6046009063720703 0.21617965400218964 0.014314288273453712 0.06386298686265945
11 0.4514540135860443 0.21533332765102386 0.013382329605519772 0.065730020403862
5 0.4895673096179962 0.5717818737030029 0.03500702232122421 0.08647792041301727
14 0.7529572248458862 0.33125364780426025 0.01770990900695324 0.09615512937307358
11 0.46990031003952026 0.21289144456386566 0.01451491005718708 0.06406012922525406
11 0.5380700826644897 0.8273172378540039 0.013566589914262295 0.0594247542321682
11 0.7048581838607788 0.6257352232933044 0.01468163076788187 0.06940729171037674
11 0.46978673338890076 0.7390571236610413 0.01523361075669527 0.05436389893293381
11 0.26576879620552063 0.9121721386909485 0.01508626900613308 0.06585313379764557
11 0.7051427960395813 0.8047891855239868 0.014842410571873188 0.07189150154590607
11 0.9114834070205688 0.11153959482908249 0.014136109501123428 0.06958843767642975
5 0.7953373789787292 0.3348689377307892 0.03646780923008919 0.10377749055624008
5 0.7949364185333252 0.9288678765296936 0.03686636686325073 0.10425412654876709
5 0.955173909664154 0.6558459401130676 0.03561973199248314 0.10340248048305511
5 0.19079485535621643 0.27716925740242004 0.031540077179670334 0.09567975997924805
11 0.5372585654258728 0.21589884161949158 0.013877117075026035 0.06893867254257202
5 0.6168692111968994 0.8837208151817322 0.04046373814344406 0.11541488766670227
5 0.18969346582889557 0.9221851229667664 0.03222881257534027 0.11176227033138275
5 0.34535109996795654 0.6511587500572205 0.039966948330402374 0.09615759551525116
11 0.23804987967014313 0.8074184060096741 0.014845806173980236 0.06804679334163666
11 0.6232191324234009 0.21679876744747162 0.013203254900872707 0.06443033367395401
0 0.6816931366920471 0.5429989695549011 0.005821513943374157 0.7741615772247314
11 0.7252656817436218 0.21382920444011688 0.014504772610962391 0.06872006505727768
11 0.5862897038459778 0.21645940840244293 0.013109427876770496 0.06668339669704437
11 0.7050800323486328 0.21790644526481628 0.014889560639858246 0.0634399950504303
8 0.09646745771169662 0.789716899394989 0.007890933193266392 0.15818007290363312
5 0.759221613407135 0.9188408255577087 0.04191415384411812 0.12028807401657104
5 0.218033567070961 0.2772504389286041 0.0316806398332119 0.0983385443687439
5 0.479769766330719 0.33322674036026 0.03392866253852844 0.0973578467965126
11 0.8583046197891235 0.11108197271823883 0.014447391964495182 0.06941435486078262
14 0.8218032717704773 0.32696059346199036 0.02359309419989586 0.10456901788711548
11 0.49997034668922424 0.21248109638690948 0.014043414033949375 0.06330206990242004
14 0.8953041434288025 0.22703510522842407 0.024740997701883316 0.10528632253408432
5 0.504095196723938 0.3272891640663147 0.022034941241145134 0.09944766759872437
11 0.23797927796840668 0.11139267683029175 0.01484575867652893 0.06798110902309418
8 0.08782856166362762 0.25972530245780945 0.009020708501338959 0.13236969709396362
11 0.2934969961643219 0.8028022646903992 0.014943216927349567 0.07124987244606018
11 0.20987114310264587 0.6307799816131592 0.015571768395602703 0.06723661720752716
5 0.8689950108528137 0.22954995930194855 0.03651142492890358 0.102874755859375
11 0.8375622034072876 0.2172580510377884 0.014494541101157665 0.07542270421981812
14 0.32506585121154785 0.2693450450897217 0.02191329561173916 0.10651497542858124
11 0.8576413989067078 0.9091660380363464 0.015160388313233852 0.07213684171438217
11 0.1541108340024948 0.6295813918113708 0.015514953061938286 0.07018055021762848
11 0.7455489635467529 0.7015078067779541 0.01478823646903038 0.07217831164598465
0 0.3798348903656006 0.5384290218353271 0.005656160414218903 0.757041335105896
11 0.18237058818340302 0.1668505221605301 0.01505365315824747 0.07095180451869965
11 0.33936792612075806 0.11232065409421921 0.013863986358046532 0.06802793592214584
8 0.09709122776985168 0.18866141140460968 0.008740628138184547 0.13185393810272217
8 0.09615543484687805 0.7695472240447998 0.007527634035795927 0.13008269667625427
11 0.6049359440803528 0.594051718711853 0.01586475595831871 0.05166220664978027
5 0.8952931761741638 0.23219886422157288 0.02504916675388813 0.10511010885238647
5 0.7350122332572937 0.3324633538722992 0.03526309132575989 0.09758882224559784
11 0.785245418548584 0.6289591789245605 0.01642380841076374 0.07093456387519836
8 0.089167021214962 0.8583869338035583 0.00834648683667183 0.11740802228450775
8 0.07869628816843033 0.16116273403167725 0.00871901586651802 0.12757937610149384
11 0.1539023220539093 0.04234369099140167 0.01519374642521143 0.062204789370298386
5 0.49803397059440613 0.33076122403144836 0.025528348982334137 0.10469849407672882
8 0.11548089981079102 0.8323231339454651 0.009507752023637295 0.16507242619991302
11 0.20945587754249573 0.6436795592308044 0.014897623099386692 0.07302666455507278
8 0.09593410044908524 0.1782655566930771 0.007824964821338654 0.11491385847330093
0 0.9923270344734192 0.5419329404830933 0.0052601033821702 0.7755576372146606
5 0.7199395895004272 0.9402697086334229 0.04397431015968323 0.11491312086582184
8 0.0659882128238678 0.8124973177909851 0.009999381378293037 0.15301096439361572
