1 0.038969848304986954 0.7955211400985718 0.028850998729467392 0.19420881569385529
18 0.03963340446352959 0.4178355932235718 0.026262592524290085 0.3706219792366028
5 0.8632915616035461 0.6728050708770752 0.029959917068481445 0.0856761783361435
7 0.8944581747055054 0.8059031963348389 0.01312143076211214 0.11676517874002457
11 0.7555323839187622 0.7947331070899963 0.013697498477995396 0.05232328921556473
5 0.18333862721920013 0.724697470664978 0.030954793095588684 0.08382974565029144
5 0.8383175730705261 0.6708709597587585 0.02927946299314499 0.08126205950975418
7 0.1073068231344223 0.8132221102714539 0.013477559201419353 0.11935166269540787
5 0.9386844635009766 0.667712926864624 0.029872581362724304 0.08063579350709915
5 0.4079665541648865 0.9545361399650574 0.029679281637072563 0.0874638631939888
5 0.622164249420166 0.6941643953323364 0.02804238349199295 0.07985206693410873
11 0.30302727222442627 0.9323838353157043 0.014580455608665943 0.053232207894325256
11 0.7306404709815979 0.7950912117958069 0.01353045180439949 0.05282292515039444
7 0.45373743772506714 0.813508927822113 0.013165278360247612 0.12131662666797638
11 0.6545652151107788 0.7932769060134888 0.014426987618207932 0.05144650861620903
11 0.7053282856941223 0.7953240275382996 0.013824756257236004 0.04951176792383194
5 0.9645137190818787 0.6703076362609863 0.030395327135920525 0.08112389594316483
9 0.3442806303501129 0.20039328932762146 0.015253262594342232 0.07315128296613693
11 0.629278302192688 0.793655514717102 0.01415672805160284 0.05161970108747482
7 0.5785465240478516 0.8126524090766907 0.014359502121806145 0.1273646354675293
11 0.4824273884296417 0.8538050651550293 0.015511906705796719 0.06097466126084328
11 0.19225020706653595 0.9348026514053345 0.013195998966693878 0.04770582169294357
7 0.21775037050247192 0.8173728585243225 0.01399870403110981 0.13007523119449615
11 0.6045323610305786 0.7971909642219543 0.014784898608922958 0.05439704284071922
9 0.2195192277431488 0.342397004365921 0.013876724056899548 0.07402636110782623
5 0.26605892181396484 0.7236781120300293 0.03085189498960972 0.08667610585689545
11 0.8699295520782471 0.7792993783950806 0.015175694599747658 0.06005324795842171
11 0.2751462459564209 0.9370464086532593 0.014494902454316616 0.05112006887793541
11 0.3997742235660553 0.858660101890564 0.013490484096109867 0.052186138927936554
7 0.34285178780555725 0.810764729976654 0.01384068001061678 0.11824269592761993
11 0.24730879068374634 0.9403380751609802 0.014905073679983616 0.04967384785413742
5 0.1558142751455307 0.7246061563491821 0.03245985507965088 0.08822932094335556
11 0.13694599270820618 0.9372046589851379 0.013541357591748238 0.049979742616415024
9 0.794902503490448 0.20017388463020325 0.015025565400719643 0.07488896697759628
5 0.6474115252494812 0.6975418329238892 0.029237372800707817 0.08144126087427139
11 0.42688295245170593 0.751806914806366 0.014686601236462593 0.05657220259308815
5 0.29450884461402893 0.7234036922454834 0.032419007271528244 0.08832532167434692
11 0.4831899404525757 0.7538838982582092 0.015033910982310772 0.05799349024891853
13 0.06578193604946136 0.7502949833869934 0.008773460052907467 0.13614468276500702
11 0.3720957934856415 0.8523358702659607 0.015332342125475407 0.05840079113841057
7 0.6793007254600525 0.8139548897743225 0.012897861190140247 0.12092620134353638
11 0.42660605907440186 0.859058141708374 0.014816024340689182 0.05434093251824379
11 0.5102865099906921 0.8555130958557129 0.014342495240271091 0.05287524685263634
0 0.7757015228271484 0.5820227265357971 0.005860096774995327 0.6582517027854919
5 0.38022443652153015 0.9547855854034424 0.03245004266500473 0.0871824100613594
11 0.8452242016792297 0.7805626392364502 0.01504974439740181 0.05922410637140274
11 0.9207739233970642 0.7794593572616577 0.015047037973999977 0.06198672950267792
9 0.21880994737148285 0.1824556142091751 0.016377247869968414 0.06187378987669945
9 0.5798511505126953 0.07176019251346588 0.016827387735247612 0.07368610799312592
5 0.7212762832641602 0.6879019737243652 0.026798628270626068 0.06953971087932587
11 0.6547008752822876 0.9087110161781311 0.013912541791796684 0.05452626198530197
5 0.5182587504386902 0.956546425819397 0.030101610347628593 0.0869070366024971
7 0.7933576107025146 0.8075240254402161 0.013292310759425163 0.1144552156329155
0 0.325778603553772 0.579990029335022 0.006459869910031557 0.6748553514480591
11 0.537908136844635 0.7926321625709534 0.015132343396544456 0.04650278016924858
11 0.5380086302757263 0.8554221391677856 0.015656668692827225 0.055231109261512756
11 0.7555209398269653 0.9086080193519592 0.013200375251471996 0.05401208996772766
9 0.7936792373657227 0.1236409991979599 0.012918702326714993 0.05097614601254463
11 0.1639963686466217 0.9383574724197388 0.014632130041718483 0.048532500863075256
11 0.6044705510139465 0.9081657528877258 0.015320771373808384 0.057849735021591187
9 0.34354227781295776 0.12462058663368225 0.013362796977162361 0.05204160884022713
11 0.820097029209137 0.7805922627449036 0.01561660971492529 0.06208212673664093
11 0.7050024271011353 0.909317135810852 0.014591417275369167 0.0553751066327095
5 0.49149391055107117 0.954572319984436 0.03242207318544388 0.08511166274547577
11 0.6293696165084839 0.908751368522644 0.014479407109320164 0.05388287082314491
9 0.10834982991218567 0.27015528082847595 0.014376790262758732 0.0643303319811821
11 0.3719535171985626 0.7556980848312378 0.015427887439727783 0.057953961193561554
11 0.1369311511516571 0.8279995918273926 0.014556174166500568 0.06035097315907478
9 0.10863445699214935 0.4452436864376068 0.012917044572532177 0.0699462890625
11 0.30273526906967163 0.8174614310264587 0.014036258682608604 0.05166914314031601
11 0.7300553917884827 0.196242094039917 0.015416677109897137 0.06564853340387344
11 0.9462999701499939 0.7791317105293274 0.014443994499742985 0.05861489474773407
11 0.5100290775299072 0.7532869577407837 0.014768297784030437 0.05700911954045296
11 0.8196887969970703 0.8792701959609985 0.016184015199542046 0.05726869776844978
11 0.9461164474487305 0.27400869131088257 0.015635285526514053 0.06362324953079224
9 0.580496609210968 0.2666059732437134 0.017217056825757027 0.08506869524717331
11 0.3996758759021759 0.7519137263298035 0.01391109824180603 0.0532844141125679
11 0.7302128076553345 0.9095780849456787 0.013332956470549107 0.052045147866010666
11 0.8698261380195618 0.8812103867530823 0.01583232916891575 0.058476485311985016
0 0.5606995224952698 0.6041063666343689 0.005996783263981342 0.6228751540184021
11 0.9710872769355774 0.7805712819099426 0.015014197677373886 0.0568835623562336
11 0.7305479645729065 0.37161266803741455 0.014366719871759415 0.068341925740242
11 0.399737685918808 0.7971975803375244 0.014000779017806053 0.046817027032375336
11 0.5098768472671509 0.8309059739112854 0.014106067828834057 0.05784991383552551
11 0.16492870450019836 0.8208591938018799 0.014478109776973724 0.05907956883311272
5 0.7381694912910461 0.6970140933990479 0.0506959892809391 0.08393415063619614
11 0.9202333092689514 0.8804498910903931 0.015940144658088684 0.05837495997548103
11 0.1922607719898224 0.8183013200759888 0.013066339306533337 0.05113466456532478
9 0.79657381772995 0.36772066354751587 0.017956245690584183 0.08650168776512146
9 0.5102638006210327 0.26908037066459656 0.0138162299990654 0.07337623089551926
11 0.5104132890701294 0.800949215888977 0.014554967172443867 0.044312603771686554
5 0.7459628582000732 0.6926394701004028 0.03449514880776405 0.0740131139755249
11 0.8446496725082397 0.8809031844139099 0.015964504331350327 0.05556253716349602
9 0.10766579955816269 0.20119710266590118 0.01507239043712616 0.060959238559007645
11 0.4822789132595062 0.8362534642219543 0.01611652970314026 0.06290814280509949
11 0.5378206968307495 0.7528403997421265 0.015296682715415955 0.06193314120173454
11 0.13688477873802185 0.857408881187439 0.013719185255467892 0.051261600106954575
11 0.27501723170280457 0.8565905094146729 0.014624212868511677 0.0532844141125679
11 0.4826478958129883 0.794511079788208 0.015811173245310783 0.054943837225437164
0 0.020504826679825783 0.6101024150848389 0.005125880241394043 0.6004674434661865
11 0.5379840731620789 0.83879554271698 0.016235847026109695 0.05794663354754448
9 0.3453306555747986 0.3674842417240143 0.018478021025657654 0.08239109069108963
9 0.21867570281028748 0.12287671864032745 0.01507845800369978 0.06230334937572479
11 0.5107830166816711 0.2745286226272583 0.014627866446971893 0.06301403790712357
11 0.24732600152492523 0.855864405632019 0.014998634345829487 0.0543220117688179
11 0.39996495842933655 0.8688467741012573 0.014740418642759323 0.05552396923303604
11 0.42673927545547485 0.8071627616882324 0.01576276868581772 0.05129764601588249
11 0.3033277988433838 0.8622995018959045 0.014536427333950996 0.04502357915043831
11 0.9460331797599792 0.8775115013122559 0.014830595813691616 0.05446474626660347
11 0.273173451423645 0.8971609473228455 0.014167937450110912 0.052667513489723206
13 0.06584544479846954 0.3143314719200134 0.009786201640963554 0.14313143491744995
11 0.6296159625053406 0.8606169819831848 0.01448269933462143 0.04142551124095917
11 0.9715735912322998 0.8769730925559998 0.015295780263841152 0.05599603056907654
11 0.6548318266868591 0.8602129220962524 0.014304150827229023 0.0400613509118557
11 0.7305142283439636 0.8608340620994568 0.013595953583717346 0.03990533947944641
9 0.5804857611656189 0.0993056446313858 0.017384327948093414 0.07866242527961731
11 0.7554574608802795 0.8615344166755676 0.013567578047513962 0.040295638144016266
11 0.6276018023490906 0.8967530131340027 0.014827347360551357 0.054130733013153076
11 0.5379483699798584 0.8011976480484009 0.015858087688684464 0.052507415413856506
11 0.37206339836120605 0.7924873232841492 0.015615458600223064 0.054005540907382965
11 0.7051517367362976 0.8636957406997681 0.013940420933067799 0.03844115510582924
