14 0.6701023578643799 0.40152525901794434 0.023236053064465523 0.11490152031183243
1 0.0431034229695797 0.766014575958252 0.027639443054795265 0.19644007086753845
14 0.1698829084634781 0.400544673204422 0.024103976786136627 0.11686079204082489
14 0.27302369475364685 0.3433520793914795 0.025288106873631477 0.1307457983493805
14 0.8360361456871033 0.33355966210365295 0.023903269320726395 0.11633923649787903
5 0.33498093485832214 0.7200300097465515 0.04403229057788849 0.1122371107339859
11 0.22650860249996185 0.7774859070777893 0.014208455570042133 0.07817817479372025
14 0.7119753956794739 0.39591822028160095 0.02375173382461071 0.12065048515796661
14 0.7740569114685059 0.34689396619796753 0.024595508351922035 0.12535513937473297
14 0.6910963654518127 0.3996116816997528 0.02387559786438942 0.11636636406183243
5 0.6914138793945312 0.7343050837516785 0.04496954753994942 0.11486334353685379
14 0.25148439407348633 0.3457595407962799 0.02464217133820057 0.1304795891046524
11 0.8102749586105347 0.09092707186937332 0.014786562882363796 0.07562705129384995
14 0.7945718169212341 0.34933266043663025 0.023980313912034035 0.1283922791481018
11 0.2885752022266388 0.09256990998983383 0.013337325304746628 0.07423085719347
11 0.9341148734092712 0.17148950695991516 0.01441425271332264 0.07510232925415039
14 0.2310601770877838 0.3468570113182068 0.023592082783579826 0.12663321197032928
14 0.3136090934276581 0.33549579977989197 0.023317918181419373 0.11946069449186325
14 0.7531906962394714 0.34865421056747437 0.0233768243342638 0.12621819972991943
14 0.8564449548721313 0.33521631360054016 0.02350728027522564 0.11408207565546036
14 0.9601188898086548 0.29025471210479736 0.02645454742014408 0.1364031881093979
11 0.74821537733078 0.7734591364860535 0.01446667779237032 0.07521453499794006
5 0.8568114042282104 0.7173683643341064 0.045441459864377975 0.12289369106292725
14 0.939042329788208 0.29600462317466736 0.024300333112478256 0.12284287810325623
11 0.8922536969184875 0.09241262823343277 0.014448963105678558 0.07595954090356827
11 0.7275490164756775 0.16894161701202393 0.013795111328363419 0.07629653811454773
5 0.550629734992981 0.6163928508758545 0.024675020948052406 0.10832042247056961
5 0.17017193138599396 0.7354835867881775 0.04599848762154579 0.12140315026044846
14 0.1494344025850296 0.40405458211898804 0.02497861534357071 0.11739732325077057
11 0.7066202163696289 0.8540217280387878 0.014360527507960796 0.0709758922457695
11 0.37111642956733704 0.0940345823764801 0.015083890408277512 0.07882898300886154
11 0.7892063856124878 0.17014490067958832 0.013710711151361465 0.0768045112490654
18 0.04305645823478699 0.2114419788122177 0.025703730061650276 0.4212270975112915
11 0.5765262246131897 0.9020079374313354 0.01389408577233553 0.07037056237459183
11 0.748900830745697 0.08936027437448502 0.014501926489174366 0.0759194865822792
11 0.43300071358680725 0.03925873711705208 0.014189350418746471 0.07851747423410416
11 0.35050374269485474 0.8307660222053528 0.014469255693256855 0.07414047420024872
11 0.9547283053398132 0.04121364280581474 0.015133669599890709 0.07788439095020294
11 0.14406029880046844 0.0956440269947052 0.014859111979603767 0.08040225505828857
11 0.3923976719379425 0.7458294034004211 0.014081182889640331 0.07285160571336746
14 0.417222261428833 0.29628491401672363 0.023883042857050896 0.1242673471570015
14 0.43806910514831543 0.29171809554100037 0.025674454867839813 0.132166787981987
11 0.6656586527824402 0.9625785946846008 0.014535067602992058 0.06532400101423264
14 0.19100938737392426 0.3990802466869354 0.023692941293120384 0.12220261991024017
11 0.871974527835846 0.8312771916389465 0.014503495767712593 0.07231635600328445
11 0.7685426473617554 0.2240166962146759 0.014128136448562145 0.07093624770641327
11 0.2270166128873825 0.09079727530479431 0.013631917536258698 0.07682394236326218
14 0.33458954095840454 0.33368614315986633 0.024313563480973244 0.1193152442574501
13 0.10633985698223114 0.8681742548942566 0.011690687388181686 0.1781519055366516
13 0.06989764422178268 0.7439301609992981 0.010706882923841476 0.16388428211212158
11 0.18561536073684692 0.2267090529203415 0.013937227427959442 0.0715852901339531
14 0.9182242155075073 0.29700106382369995 0.025153659284114838 0.12228929996490479
13 0.06998741626739502 0.10726746916770935 0.011647439561784267 0.16541966795921326
11 0.1436929851770401 0.9579865336418152 0.014206885360181332 0.06393174827098846
11 0.7068446278572083 0.2241779863834381 0.014451025985181332 0.07023844867944717
13 0.0791163519024849 0.20263530313968658 0.010365846566855907 0.1672958880662918
14 0.355442076921463 0.3329549729824066 0.023829810321331024 0.11529679596424103
11 0.24694976210594177 0.2247532457113266 0.014648145996034145 0.08146601170301437
11 0.350629985332489 0.171966090798378 0.01400637999176979 0.07462430745363235
11 0.9133704304695129 0.7458527684211731 0.014430038630962372 0.07594391703605652
11 0.26779845356941223 0.17240382730960846 0.014892331324517727 0.07941456884145737
13 0.08822682499885559 0.7167354226112366 0.01176617480814457 0.18198451399803162
11 0.492250919342041 0.9059774279594421 0.01452695019543171 0.07085322588682175
11 0.20670560002326965 0.17441385984420776 0.015309016220271587 0.0796879306435585
11 0.8719430565834045 0.17320437729358673 0.015243272297084332 0.07405092567205429
11 0.5342536568641663 0.7101274132728577 0.015224168077111244 0.07405288517475128
14 0.3968810439109802 0.2941412329673767 0.02410650998353958 0.11861459165811539
13 0.07939214259386063 0.8249931335449219 0.011649968102574348 0.16045904159545898
5 0.5080259442329407 0.6156896948814392 0.024850457906723022 0.11311610788106918
11 0.1857609748840332 0.8528832197189331 0.014571168459951878 0.07111817598342896
14 0.876348078250885 0.33307239413261414 0.023567015305161476 0.1140105202794075
11 0.4123798906803131 0.17227080464363098 0.013790491968393326 0.07904534786939621
5 0.5286656022071838 0.6143389344215393 0.02488575130701065 0.10822141170501709
11 0.8512594103813171 0.19805574417114258 0.013774482533335686 0.07832595705986023
11 0.1644684225320816 0.2784799039363861 0.0137485945597291 0.062185756862163544
11 0.3304688632488251 0.2005808800458908 0.01375723909586668 0.0802026093006134
11 0.30969053506851196 0.06097296252846718 0.014857441186904907 0.08291324228048325
11 0.6661743521690369 0.0919380858540535 0.014713956974446774 0.07774429768323898
11 0.3090878427028656 0.9304577112197876 0.01489800401031971 0.0716429203748703
5 0.5918273329734802 0.6751552820205688 0.02311595529317856 0.10632852464914322
13 0.10656709969043732 0.2404872179031372 0.011790032498538494 0.16819581389427185
11 0.4544762074947357 0.06543081998825073 0.014377210289239883 0.08485735952854156
11 0.68641197681427 0.2763611078262329 0.013863950036466122 0.06850989907979965
11 0.5135061144828796 0.7984628677368164 0.014874415472149849 0.07598249614238739
11 0.5963008403778076 0.8005166053771973 0.012676432728767395 0.06791878491640091
11 0.8311502933502197 0.9322389364242554 0.015017697587609291 0.0723840594291687
11 0.6174639463424683 0.7243056297302246 0.013283555395901203 0.07301000505685806
0 0.6460903882980347 0.5066585540771484 0.006795307155698538 0.8237292170524597
11 0.9136165380477905 0.05557216703891754 0.015289642848074436 0.08048216253519058
11 0.8316677212715149 0.05597042292356491 0.014742075465619564 0.08098548650741577
11 0.39215782284736633 0.05614372715353966 0.015413731336593628 0.08167046308517456
11 0.5550163388252258 0.8024930953979492 0.013329701498150826 0.06723444908857346
0 0.47073668241500854 0.5041742324829102 0.006706601940095425 0.8103450536727905
11 0.5967168807983398 0.7803664803504944 0.0138873141258955 0.07599246501922607
13 0.09017693996429443 0.10228027403354645 0.0119327986612916 0.18286588788032532
0 0.025163881480693817 0.5103325843811035 0.004440342541784048 0.8764731884002686
13 0.09677290171384811 0.13736946880817413 0.010553381405770779 0.19052384793758392
13 0.09698481857776642 0.17483988404273987 0.010116745717823505 0.15061917901039124
11 0.6180672645568848 0.7116119265556335 0.013154981657862663 0.0720563605427742
11 0.8106048107147217 0.10401954501867294 0.013232027180492878 0.08420923352241516
11 0.9761422276496887 0.05794461444020271 0.014876882545650005 0.0859297513961792
13 0.09747594594955444 0.8012902140617371 0.010292788036167622 0.16269952058792114
11 0.6862927675247192 0.2914218008518219 0.014055799692869186 0.06994970887899399
11 0.555391788482666 0.7881971597671509 0.013501819223165512 0.07553569227457047
11 0.5339980721473694 0.722930908203125 0.014361738227307796 0.07801429182291031
