6 0.74321448802948 0.2733185589313507 0.010558116249740124 0.06783829629421234
5 0.683505654335022 0.6829754114151001 0.025631709024310112 0.04061353951692581
1 0.04270946606993675 0.3259504735469818 0.02743716351687908 0.07780567556619644
1 0.04256545752286911 0.8214221596717834 0.027355076745152473 0.07986240088939667
11 0.3960714340209961 0.09642665088176727 0.014247739687561989 0.029489755630493164
11 0.786658763885498 0.5959234833717346 0.014052405953407288 0.02664465829730034
11 0.9303610324859619 0.6473724842071533 0.015004350803792477 0.02638678252696991
11 0.28246763348579407 0.0676526129245758 0.014963053166866302 0.025258321315050125
5 0.9116512537002563 0.19715262949466705 0.027547074481844902 0.04361284524202347
9 0.8157304525375366 0.08729389309883118 0.014398987405002117 0.029669184237718582
11 0.5356037616729736 0.8708012104034424 0.014560531824827194 0.027434147894382477
11 0.4701899588108063 0.7973601818084717 0.014385632239282131 0.025539986789226532
11 0.5573156476020813 0.79780113697052 0.015140472911298275 0.025667976588010788
11 0.41370293498039246 0.645320475101471 0.015318403020501137 0.028610095381736755
11 0.15940937399864197 0.5861428380012512 0.014295688830316067 0.02339617908000946
11 0.15971605479717255 0.6453582644462585 0.015251776203513145 0.028167102485895157
5 0.9569675326347351 0.19795896112918854 0.025996793061494827 0.04678625985980034
11 0.6763914227485657 0.30039846897125244 0.01483304426074028 0.026981713250279427
18 0.04262552037835121 0.6175040006637573 0.0251791812479496 0.1524955928325653
11 0.2092159390449524 0.6044582724571228 0.013951253145933151 0.026918930932879448
5 0.8706110715866089 0.8973628878593445 0.025867482647299767 0.03765454888343811
11 0.6784360408782959 0.8188977241516113 0.013481046073138714 0.02761080116033554
5 0.9349678158760071 0.19597628712654114 0.028370298445224762 0.043431900441646576
11 0.7659003138542175 0.8183764219284058 0.013810357078909874 0.02775939367711544
11 0.22879832983016968 0.3217219412326813 0.016678715124726295 0.02955765090882778
11 0.5141547918319702 0.31086355447769165 0.015279491432011127 0.027789881452918053
11 0.5151838064193726 0.2699858248233795 0.01531408540904522 0.028408639132976532
5 0.915112316608429 0.8966068029403687 0.026481319218873978 0.03849814832210541
5 0.27962377667427063 0.7426924705505371 0.027468528598546982 0.044945791363716125
5 0.7377740740776062 0.7740951180458069 0.02562275156378746 0.03726104646921158
11 0.9514312744140625 0.32215648889541626 0.01463631633669138 0.029534563422203064
5 0.9570220112800598 0.8985403776168823 0.02497217431664467 0.03662162646651268
11 0.3054714500904083 0.8790328502655029 0.015147204510867596 0.03046453557908535
5 0.5084699392318726 0.5644707083702087 0.026528250426054 0.04780278354883194
11 0.93050616979599 0.8123792409896851 0.013476862572133541 0.02559746988117695
11 0.843409538269043 0.8127808570861816 0.013665921986103058 0.02569378726184368
11 0.6546329259872437 0.37299638986587524 0.01523476094007492 0.029635321348905563
5 0.3910254240036011 0.04413997009396553 0.02380470372736454 0.03921916335821152
11 0.6562669277191162 0.8172299861907959 0.01485492754727602 0.02576589398086071
5 0.7748959064483643 0.040782488882541656 0.028029456734657288 0.036432720720767975
11 0.6344283223152161 0.8921019434928894 0.014283942990005016 0.0268951915204525
11 0.6345351338386536 0.8212934136390686 0.013621619902551174 0.02703496254980564
5 0.8376743793487549 0.5456622242927551 0.025783706456422806 0.04398675262928009
11 0.10101807862520218 0.8476347923278809 0.014617725275456905 0.02811269834637642
11 0.8866760730743408 0.6167325973510742 0.014096063561737537 0.027471443638205528
11 0.7867686748504639 0.8525427579879761 0.015148303471505642 0.02690531499683857
18 0.042533401399850845 0.12085036188364029 0.025117233395576477 0.1520298421382904
11 0.4490574896335602 0.8702894449234009 0.013460933230817318 0.02664359286427498
11 0.9523615837097168 0.8507111668586731 0.013900568708777428 0.02951757237315178
5 0.11647191643714905 0.7420589327812195 0.021757598966360092 0.048398036509752274
5 0.9354320764541626 0.8963683247566223 0.024739833548665047 0.03730633482336998
5 0.8602922558784485 0.5473698973655701 0.027497516945004463 0.04349770024418831
11 0.6994682550430298 0.852441668510437 0.015180966816842556 0.026496242731809616
11 0.13916927576065063 0.8466007113456726 0.013263119384646416 0.028400883078575134
5 0.8547113537788391 0.2792172133922577 0.0255920197814703 0.039507683366537094
11 0.10206981003284454 0.6454169750213623 0.015683481469750404 0.02807670459151268
5 0.4117864966392517 0.05489543825387955 0.023714061826467514 0.03982323035597801
11 0.1895778477191925 0.644849419593811 0.013673202134668827 0.028051959350705147
11 0.821530818939209 0.5935458540916443 0.01563647761940956 0.03005954809486866
11 0.49215736985206604 0.3815150260925293 0.014534251764416695 0.026036111637949944
11 0.9280896186828613 0.3211343288421631 0.016127226874232292 0.0321710929274559
11 0.2844378352165222 0.878221333026886 0.014829639345407486 0.027559416368603706
5 0.4661906957626343 0.2857480049133301 0.024642381817102432 0.050404440611600876
11 0.9520808458328247 0.6455680131912231 0.01460628118366003 0.025089653208851814
5 0.11772885173559189 0.2904450595378876 0.025817159563302994 0.04293260723352432
11 0.16511884331703186 0.3208630681037903 0.01521652564406395 0.028429625555872917
11 0.7435307502746582 0.816631555557251 0.01481416542083025 0.025795552879571915
5 0.13917981088161469 0.2786456048488617 0.02413206920027733 0.038475681096315384
11 0.6763828992843628 0.3715231716632843 0.015373297035694122 0.02954459749162197
5 0.7819231152534485 0.7737318873405457 0.02467048540711403 0.03490997850894928
11 0.30366775393486023 0.07683084160089493 0.015948303043842316 0.025750961154699326
11 0.3234168291091919 0.3505899906158447 0.014522881247103214 0.029772605746984482
11 0.10131019353866577 0.09688184410333633 0.015324496664106846 0.026031648740172386
11 0.5571207404136658 0.6048865914344788 0.013897833414375782 0.0231296606361866
5 0.5843713283538818 0.6886767148971558 0.025927284732460976 0.04997684061527252
5 0.8821290731430054 0.5508583188056946 0.026073649525642395 0.04250089451670647
5 0.9250431656837463 0.5417338609695435 0.026373622938990593 0.04403884708881378
11 0.41577163338661194 0.18180948495864868 0.015699952840805054 0.029966603964567184
11 0.73403400182724 0.30071744322776794 0.012591531500220299 0.025916025042533875
5 0.5521933436393738 0.06143650412559509 0.026415135711431503 0.03613466024398804
11 0.22823433578014374 0.2799648642539978 0.016192618757486343 0.03153078630566597
11 0.6315276622772217 0.371011346578598 0.01583540439605713 0.02816121280193329
11 0.5793171525001526 0.8718858361244202 0.014233044348657131 0.026640040799975395
11 0.7216818332672119 0.8199845552444458 0.013752915896475315 0.028889639303088188
11 0.14471392333507538 0.3195858895778656 0.014428096823394299 0.03193355351686478
11 0.4716319143772125 0.37995296716690063 0.014809981919825077 0.02819226309657097
5 0.19004292786121368 0.2043055295944214 0.025458069518208504 0.04727689549326897
11 0.34374141693115234 0.07651057094335556 0.015093945898115635 0.02256479673087597
11 0.7350140810012817 0.370540052652359 0.014900140464305878 0.03064163215458393
11 0.5859882235527039 0.3109245002269745 0.014342672191560268 0.027208566665649414
11 0.9522761106491089 0.5933619141578674 0.014618831686675549 0.025861145928502083
11 0.8659025430679321 0.8496212363243103 0.014187616296112537 0.029088255017995834
5 0.6500107049942017 0.7727165818214417 0.025546377524733543 0.03306968882679939
11 0.5358278751373291 0.11752433329820633 0.01513097994029522 0.027930784970521927
11 0.9738441109657288 0.07898572087287903 0.015422049909830093 0.02400203049182892
11 0.7653091549873352 0.5738871693611145 0.014230738393962383 0.029269050806760788
11 0.6772267818450928 0.09631176292896271 0.015557689592242241 0.027093593031167984
11 0.7584118843078613 0.30125024914741516 0.014925616793334484 0.027194032445549965
11 0.6996358633041382 0.8175960779190063 0.014705074951052666 0.027689121663570404
5 0.9468574523925781 0.5386671423912048 0.0265014860779047 0.04892059415578842
11 0.7871856689453125 0.8171971440315247 0.01486817467957735 0.028818361461162567
5 0.48652443289756775 0.2691584825515747 0.0264822319149971 0.05017348751425743
11 0.49231719970703125 0.8714502453804016 0.014518536627292633 0.027059413492679596
11 0.3758052587509155 0.35033202171325684 0.014405342750251293 0.0290980227291584
11 0.34335044026374817 0.31259140372276306 0.014898505061864853 0.025564968585968018
11 0.28288552165031433 0.35181155800819397 0.01464854460209608 0.029543858021497726
11 0.20642708241939545 0.32127007842063904 0.014978553168475628 0.030145980417728424
11 0.20996180176734924 0.8087577223777771 0.01400031428784132 0.02525310404598713
11 0.8223812580108643 0.8514770269393921 0.014284532517194748 0.029941976070404053
11 0.6005349159240723 0.61928790807724 0.014023175463080406 0.023476868867874146
11 0.8825920820236206 0.3211522102355957 0.015419958159327507 0.02984127774834633
11 0.49115076661109924 0.7983939051628113 0.012788795866072178 0.025289984419941902
5 0.6615084409713745 0.6832829713821411 0.02505289390683174 0.03973939269781113
5 0.6485600471496582 0.26094064116477966 0.026021571829915047 0.0509408675134182
5 0.6721110343933105 0.7743016481399536 0.026598671451210976 0.032790619879961014
11 0.1594545841217041 0.6171784996986389 0.015147016383707523 0.02337859570980072
8 0.0726855918765068 0.31150195002555847 0.009835884906351566 0.05208355933427811
11 0.8155096173286438 0.4616565406322479 0.014999791979789734 0.025627601891756058
11 0.9736844301223755 0.8105284571647644 0.014711725525557995 0.025737537071108818
11 0.7871300578117371 0.6144412755966187 0.01498450618237257 0.025409923866391182
11 0.579556941986084 0.5928206443786621 0.01363411732017994 0.02214457280933857
5 0.8275793194770813 0.8997710347175598 0.026784135028719902 0.038415975868701935
11 0.19002623856067657 0.845994770526886 0.013554524630308151 0.02503625489771366
11 0.39566874504089355 0.3120717406272888 0.013705771416425705 0.026454655453562737
11 0.30268171429634094 0.3499934673309326 0.01451046485453844 0.028764253482222557
5 0.6400842070579529 0.6830785274505615 0.02671108767390251 0.041513971984386444
11 0.6355667114257812 0.6381081938743591 0.014568684622645378 0.024645593017339706
11 0.5573141574859619 0.1468362957239151 0.01630362682044506 0.02831570990383625
8 0.07250862568616867 0.8101500868797302 0.009249594993889332 0.049904853105545044
11 0.8605406880378723 0.32001787424087524 0.014151413924992085 0.03093840181827545
11 0.7653329372406006 0.891268253326416 0.014940955676138401 0.027782777324318886
11 0.5570052266120911 0.10919018089771271 0.016133500263094902 0.028443744406104088
5 0.8319812417030334 0.2937754690647125 0.02760467864573002 0.050948549062013626
11 0.12028200179338455 0.8470373749732971 0.014722813852131367 0.028234176337718964
11 0.10173673182725906 0.16059426963329315 0.01572592556476593 0.024271730333566666
0 0.4320205748081207 0.22198036313056946 0.006366723217070103 0.3154805302619934
11 0.16424228250980377 0.28149572014808655 0.014892779290676117 0.027942320331931114
11 0.3293614089488983 0.8080076575279236 0.014435430988669395 0.028733232989907265
11 0.1895751953125 0.5930887460708618 0.014797097072005272 0.026836879551410675
5 0.694617748260498 0.7741242051124573 0.025256648659706116 0.033203303813934326
11 0.9506296515464783 0.28031739592552185 0.014874986372888088 0.031828444451093674
11 0.20840153098106384 0.6446706056594849 0.014138649217784405 0.02804846689105034
5 0.23254051804542542 0.19275808334350586 0.02426042966544628 0.048638906329870224
11 0.6005074381828308 0.5646654963493347 0.01376417838037014 0.022328922525048256
11 0.5363091230392456 0.1490432620048523 0.015434278175234795 0.028818316757678986
11 0.12241308391094208 0.3931216895580292 0.01616295985877514 0.028760256245732307
11 0.7215793132781982 0.8902722001075745 0.01481915358453989 0.02736091800034046
0 0.24430938065052032 0.7221898436546326 0.005122018977999687 0.31290924549102783
11 0.37583327293395996 0.08776033669710159 0.015405048616230488 0.030226506292819977
5 0.30135995149612427 0.7368118166923523 0.025210067629814148 0.04979852959513664
11 0.535620927810669 0.7977094650268555 0.013160692527890205 0.025861265137791634
5 0.8488115668296814 0.8966483473777771 0.02561073750257492 0.03769456595182419
5 0.7596235871315002 0.7747814655303955 0.02590695582330227 0.03554714843630791
5 0.3233659863471985 0.7250376343727112 0.026979336515069008 0.04149981960654259
11 0.9738379120826721 0.5761916637420654 0.014382950961589813 0.025614814832806587
5 0.21170061826705933 0.19822733104228973 0.02698303572833538 0.04893292486667633
11 0.5577707886695862 0.30894359946250916 0.014625643379986286 0.02957061491906643
11 0.9301824569702148 0.6065298318862915 0.01484441477805376 0.02930356375873089
11 0.9518197774887085 0.7800149917602539 0.014356562867760658 0.026601677760481834
11 0.5784630179405212 0.7983196377754211 0.012895205058157444 0.025179162621498108
5 0.7820752263069153 0.5298241376876831 0.025195881724357605 0.038758981972932816
11 0.2824653387069702 0.128750279545784 0.015605343505740166 0.027303827926516533
11 0.49328184127807617 0.310746431350708 0.014438622631132603 0.029490696266293526
11 0.6345726251602173 0.5657673478126526 0.014890272170305252 0.023206086829304695
11 0.22806285321712494 0.677334189414978 0.016126206144690514 0.03016817942261696
11 0.32875582575798035 0.7672762274742126 0.015100382268428802 0.029571859166026115
11 0.28231772780418396 0.4217779338359833 0.014750958420336246 0.025663595646619797
11 0.908970296382904 0.6152998208999634 0.015473109669983387 0.02626885659992695
11 0.8654482364654541 0.6148706674575806 0.01456262357532978 0.027705462649464607
5 0.20557720959186554 0.5467896461486816 0.0238344706594944 0.038350027054548264
5 0.6712461709976196 0.24880783259868622 0.026349060237407684 0.04385253041982651
11 0.8649114966392517 0.7793329358100891 0.013912743888795376 0.02602453902363777
11 0.6347924470901489 0.6183838248252869 0.013880348764359951 0.023238588124513626
5 0.760475218296051 0.5324836373329163 0.026641845703125 0.03691774606704712
11 0.24908001720905304 0.0665200725197792 0.013969515450298786 0.026347314938902855
11 0.34337157011032104 0.11829796433448792 0.015197619795799255 0.027131354436278343
11 0.5577019453048706 0.3794747591018677 0.01519126445055008 0.029630407691001892
11 0.6779629588127136 0.8919199109077454 0.014063025824725628 0.026909340173006058
11 0.1852044016122818 0.15876279771327972 0.015127855353057384 0.025992807000875473
11 0.4500129520893097 0.3821926712989807 0.0148773193359375 0.025310201570391655
11 0.30334776639938354 0.11738637089729309 0.015679651871323586 0.027633512392640114
11 0.909273087978363 0.8496871590614319 0.013833634555339813 0.027970144525170326
11 0.22757300734519958 0.602215051651001 0.014501950703561306 0.022573653608560562
5 0.31857454776763916 0.2308725267648697 0.024478154256939888 0.04669753462076187
11 0.5856988430023193 0.14789147675037384 0.015604029409587383 0.027133412659168243
6 0.6765487194061279 0.14762045443058014 0.015922345221042633 0.08516916632652283
0 0.4302175045013428 0.7306726574897766 0.005346690304577351 0.3258451521396637
11 0.6315768361091614 0.04501354694366455 0.015468819066882133 0.023372765630483627
11 0.6314473152160645 0.0689052939414978 0.015910277143120766 0.022164156660437584
11 0.18974082171916962 0.7782548666000366 0.013968321494758129 0.02763975039124489
11 0.535436749458313 0.6194503307342529 0.014525669626891613 0.025265002623200417
11 0.13926000893115997 0.7772766351699829 0.01439190749078989 0.029276570305228233
5 0.4862770736217499 0.7539713978767395 0.02536337822675705 0.03411196172237396
11 0.45006513595581055 0.45092231035232544 0.015334921889007092 0.028048288077116013
9 0.8156110644340515 0.11979219317436218 0.01630287617444992 0.027334928512573242
11 0.787342369556427 0.6502333283424377 0.015457930974662304 0.02747434563934803
11 0.10158763825893402 0.12556788325309753 0.015334634110331535 0.020120711997151375
11 0.3062995672225952 0.8079831600189209 0.014384854584932327 0.029406987130641937
11 0.15951362252235413 0.8078745603561401 0.014662891626358032 0.026628436520695686
11 0.9738497138023376 0.148498073220253 0.015089735388755798 0.02875421941280365
11 0.3958704173564911 0.15045678615570068 0.014254390262067318 0.031249023973941803
11 0.8866258859634399 0.7803797125816345 0.013478633016347885 0.02887004241347313
5 0.13551342487335205 0.7303999662399292 0.022260239347815514 0.0490349680185318
11 0.9275174736976624 0.39136943221092224 0.015547553077340126 0.030316386371850967
11 0.10327177494764328 0.5745865106582642 0.01887878216803074 0.02871943823993206
11 0.14453454315662384 0.39215365052223206 0.015262073837220669 0.027674470096826553
11 0.8824408054351807 0.2807159125804901 0.015818241983652115 0.029494544491171837
11 0.9740714430809021 0.6476962566375732 0.013967289589345455 0.02417300082743168
6 0.18974296748638153 0.8890576958656311 0.01320409495383501 0.057696159929037094
5 0.5084774494171143 0.7508301138877869 0.02886142209172249 0.03600630164146423
11 0.7657756805419922 0.6192808151245117 0.014971955679357052 0.02575896680355072
11 0.9090713262557983 0.6466116905212402 0.015668122097849846 0.024448398500680923
11 0.8658239841461182 0.6472609043121338 0.015765734016895294 0.026487719267606735
11 0.7438547611236572 0.8524338006973267 0.015046131797134876 0.026451369747519493
11 0.45135679841041565 0.17867258191108704 0.018396172672510147 0.030420726165175438
5 0.5961980819702148 0.7551053762435913 0.02606126107275486 0.03214137256145477
11 0.3954024016857147 0.28169864416122437 0.014445594511926174 0.02671913057565689
11 0.4133338928222656 0.6157764792442322 0.01441842969506979 0.023116398602724075
11 0.5999526381492615 0.797267496585846 0.01581336185336113 0.026215694844722748
5 0.8435560464859009 0.2862344980239868 0.011619205586612225 0.04571213573217392
11 0.9089107513427734 0.7797463536262512 0.014054819941520691 0.026874767616391182
11 0.860276997089386 0.3903247117996216 0.016133500263094902 0.03167085349559784
11 0.37583261728286743 0.28105664253234863 0.0143280029296875 0.029003450646996498
5 0.22449955344200134 0.5495448112487793 0.022388692945241928 0.03680070489645004
11 0.3914790153503418 0.6217879056930542 0.01584438793361187 0.022272562608122826
11 0.7580514550209045 0.09445805847644806 0.015224463306367397 0.025376683101058006
11 0.6991719603538513 0.29939502477645874 0.014006227254867554 0.026224544271826744
11 0.9734146595001221 0.7803716063499451 0.015165358781814575 0.0285697802901268
5 0.9692205786705017 0.5287801623344421 0.02436450496315956 0.038175035268068314
11 0.6564744114875793 0.8528876304626465 0.01514910813421011 0.026246359571814537
11 0.2056327760219574 0.10464607924222946 0.015619676560163498 0.023661445826292038
11 0.5142282843589783 0.6625478267669678 0.014607729390263557 0.029866259545087814
5 0.29853254556655884 0.24242690205574036 0.02286965399980545 0.049919046461582184
11 0.8429029583930969 0.7810406684875488 0.014175388030707836 0.024656012654304504
11 0.32210832834243774 0.2815028429031372 0.015720359981060028 0.0307469479739666
5 0.737963080406189 0.5321003794670105 0.026899287477135658 0.04200272634625435
5 0.4066219925880432 0.5645154118537903 0.025581372901797295 0.03368116542696953
11 0.3911466598510742 0.6460786461830139 0.016131194308400154 0.024580592289566994
11 0.6315175890922546 0.11869911104440689 0.015542028471827507 0.028183944523334503
5 0.5414865612983704 0.7079529762268066 0.026060402393341064 0.044151149690151215
11 0.5799893140792847 0.6238987445831299 0.01529016438871622 0.024574553593993187
11 0.5853772163391113 0.11627500504255295 0.015264098532497883 0.027311567217111588
11 0.7428004145622253 0.6369597911834717 0.015409660525619984 0.027178701013326645
11 0.6309272050857544 0.09427999705076218 0.015516660176217556 0.0240931399166584
11 0.6569864749908447 0.6370561718940735 0.015637390315532684 0.024725690484046936
11 0.6768593788146973 0.05646251514554024 0.014725401997566223 0.028782986104488373
0 0.6139174699783325 0.22952912747859955 0.006362137384712696 0.3286168873310089
5 0.573606550693512 0.7549667358398438 0.02581636980175972 0.03637642040848732
11 0.557983934879303 0.6381797790527344 0.016261471435427666 0.02419153042137623
11 0.9508719444274902 0.12352287024259567 0.014140311628580093 0.027395617216825485
11 0.8215506076812744 0.6158326268196106 0.015928244218230247 0.026233099400997162
11 0.262482225894928 0.6372650861740112 0.014841947704553604 0.023704610764980316
11 0.886807382106781 0.8102240562438965 0.013448490761220455 0.025286195799708366
11 0.7803402543067932 0.11964079737663269 0.016663938760757446 0.02574731968343258
11 0.7648324966430664 0.6376839876174927 0.014537522569298744 0.026175498962402344
11 0.49219807982444763 0.6176408529281616 0.014769542030990124 0.026801597326993942
11 0.9303759336471558 0.7806439399719238 0.014081529341638088 0.024411162361502647
11 0.678433358669281 0.618005096912384 0.015949055552482605 0.02727898582816124
11 0.5141399502754211 0.7976593971252441 0.014846881851553917 0.024572186172008514
11 0.2623230814933777 0.8787943720817566 0.014244790188968182 0.024849241599440575
11 0.7871740460395813 0.6186779737472534 0.015438247472047806 0.01897299475967884
11 0.4511328339576721 0.14744333922863007 0.017051521688699722 0.02507026493549347
7 0.5119041800498962 0.11973024904727936 0.014488180167973042 0.05082238093018532
11 0.8374910354614258 0.39259806275367737 0.01614878699183464 0.032254889607429504
8 0.0719856321811676 0.57163006067276 0.009057975374162197 0.05743408203125
11 0.1010795384645462 0.9176834225654602 0.013880402781069279 0.025466104969382286
11 0.20933853089809418 0.777902364730835 0.01444731093943119 0.02843225933611393
11 0.6999784111976624 0.09727455675601959 0.015452835708856583 0.028313741087913513
11 0.6345722675323486 0.5897290110588074 0.01463041640818119 0.021607037633657455
11 0.10109291225671768 0.4646795988082886 0.015157843939960003 0.025241056457161903
11 0.600261390209198 0.8284108638763428 0.015890486538410187 0.027867669239640236
11 0.6993849873542786 0.11769821494817734 0.01467144675552845 0.029198255389928818
11 0.973291277885437 0.11889463663101196 0.01516235526651144 0.02442614734172821
11 0.8222231864929199 0.6455628871917725 0.01548555213958025 0.026417506858706474
11 0.5360037684440613 0.6702131628990173 0.01514245755970478 0.026174137368798256
11 0.18485762178897858 0.11919263005256653 0.01494111679494381 0.026136958971619606
9 0.8157626390457153 0.15729935467243195 0.016591640189290047 0.032243598252534866
11 0.10148429870605469 0.3928758502006531 0.016272379085421562 0.030159566551446915
8 0.06973041594028473 0.5796492695808411 0.00765202147886157 0.06234128400683403
11 0.4915374517440796 0.6349040269851685 0.014771848917007446 0.021041203290224075
8 0.0690951868891716 0.08495871722698212 0.007098293397575617 0.062071964144706726
11 0.2282303273677826 0.6224238276481628 0.0160672627389431 0.022576792165637016
11 0.3037368953227997 0.09751123934984207 0.015924545004963875 0.020998453721404076
11 0.7584507465362549 0.13914644718170166 0.017470374703407288 0.023484548553824425
11 0.34280553460121155 0.2822912037372589 0.01578407734632492 0.02664906717836857
11 0.9521653652191162 0.6173087358474731 0.015041787177324295 0.02296082116663456
11 0.3765588700771332 0.11793463677167892 0.015492820180952549 0.025637267157435417
11 0.6347647309303284 0.5826511979103088 0.013996036723256111 0.022708334028720856
5 0.5633339881896973 0.6969610452651978 0.028309693560004234 0.05038105696439743
11 0.6770220398902893 0.11516349762678146 0.01611826941370964 0.033478960394859314
11 0.5360106229782104 0.6374717950820923 0.01469247043132782 0.02119624800980091
11 0.9733831882476807 0.10075775533914566 0.014825858175754547 0.02183760702610016
11 0.22842852771282196 0.12155847251415253 0.01614007167518139 0.026334872469305992
11 0.9286555647850037 0.1285126656293869 0.015151199884712696 0.023408077657222748
11 0.20555627346038818 0.39224138855934143 0.014809218235313892 0.028578808531165123
11 0.41547033190727234 0.10375206917524338 0.015196600928902626 0.023358261212706566
8 0.06273674219846725 0.841762125492096 0.00805121660232544 0.04592708870768547
11 0.9087644815444946 0.6705730557441711 0.016473913565278053 0.02511516772210598
11 0.5136866569519043 0.6668629050254822 0.014620869420468807 0.029670603573322296
11 0.8155266046524048 0.39422962069511414 0.015974048525094986 0.027361391112208366
