18 0.04366709664463997 0.2545934021472931 0.02849963866174221 0.4264276325702667
14 0.4430021345615387 0.2557172179222107 0.028126485645771027 0.13283781707286835
11 0.4360572397708893 0.12107740342617035 0.01468067616224289 0.07685434818267822
11 0.69480299949646 0.9299238324165344 0.01574617810547352 0.0718216598033905
14 0.5360272526741028 0.196798175573349 0.030831346288323402 0.12222332507371902
11 0.181012824177742 0.25962257385253906 0.016198495402932167 0.07836101949214935
11 0.8906818628311157 0.25581368803977966 0.016629789024591446 0.08015793561935425
5 0.9377515912055969 0.40861132740974426 0.04069274663925171 0.1384354531764984
11 0.7751709222793579 0.7382842302322388 0.015226947143673897 0.07265147566795349
14 0.35040798783302307 0.2572636604309082 0.030891316011548042 0.12680912017822266
14 0.815473735332489 0.2651991844177246 0.02768782526254654 0.12635795772075653
5 0.5962966680526733 0.3121875822544098 0.043512001633644104 0.11468390375375748
11 0.7533978819847107 0.12280602008104324 0.015780942514538765 0.0752863734960556
8 0.07056982070207596 0.21419794857501984 0.011073027737438679 0.16326603293418884
14 0.7354146242141724 0.2639254927635193 0.026137903332710266 0.12453459203243256
5 0.7868251204490662 0.27140137553215027 0.03860130533576012 0.11510492861270905
11 0.5560116171836853 0.040907442569732666 0.017580056563019753 0.07736571878194809
11 0.648501992225647 0.12090041488409042 0.015119633637368679 0.07651541382074356
5 0.22558853030204773 0.3388845920562744 0.038830552250146866 0.12614428997039795
11 0.8101997375488281 0.06681806594133377 0.01641293615102768 0.08167757838964462
11 0.5812709927558899 0.175833597779274 0.014709299430251122 0.07723428308963776
5 0.5023811459541321 0.1982448399066925 0.044403284788131714 0.12266010046005249
11 0.9614383578300476 0.25613144040107727 0.01583932898938656 0.08203896135091782
7 0.24729648232460022 0.7425922751426697 0.015773391351103783 0.13277757167816162
1 0.04446990042924881 0.7189425826072693 0.030429286882281303 0.22238560020923615
11 0.8549623489379883 0.12008558958768845 0.014488582499325275 0.07203689962625504
11 0.8332690596580505 0.1440126597881317 0.014576680958271027 0.07431796938180923
11 0.9258018732070923 0.8732527494430542 0.016291359439492226 0.07262979447841644
11 0.5295095443725586 0.06568779796361923 0.017616404220461845 0.078732930123806
5 0.5137203931808472 0.7279492020606995 0.04523371160030365 0.12250428646802902
11 0.30143824219703674 0.12025613337755203 0.01531982421875 0.07412981241941452
5 0.32846763730049133 0.6701046228408813 0.046770088374614716 0.1267210841178894
11 0.3431960940361023 0.11939086765050888 0.015815163031220436 0.07668030261993408
5 0.8669240474700928 0.3668188452720642 0.04044504091143608 0.11804664880037308
11 0.6224790811538696 0.17165234684944153 0.016032660380005836 0.07976507395505905
14 0.629471480846405 0.3045623004436493 0.031859904527664185 0.12142307311296463
11 0.39441215991973877 0.12206242233514786 0.01597226969897747 0.0761493593454361
11 0.21512471139431 0.1738896667957306 0.016260521486401558 0.07996251434087753
5 0.9021644592285156 0.3901600241661072 0.03959733247756958 0.12486240267753601
11 0.24926233291625977 0.14521487057209015 0.01634392701089382 0.0784498006105423
11 0.7312731146812439 0.14605312049388885 0.0157326590269804 0.07369495183229446
5 0.7189897894859314 0.7126696109771729 0.03939087688922882 0.11569845676422119
11 0.5816348791122437 0.711549699306488 0.01606004498898983 0.07723896950483322
11 0.4620518386363983 0.037004467099905014 0.017538655549287796 0.07400893419981003
5 0.4094032347202301 0.25581473112106323 0.04483073204755783 0.12571445107460022
11 0.6953519582748413 0.14570851624011993 0.015452466905117035 0.07362672686576843
11 0.34291520714759827 0.7908698916435242 0.016561895608901978 0.07574360817670822
11 0.3016151487827301 0.9034863114356995 0.017583943903446198 0.08084738254547119
11 0.9259862899780273 0.14443737268447876 0.015976304188370705 0.07653889805078506
5 0.31585267186164856 0.25765037536621094 0.044610731303691864 0.12141848355531693
11 0.7304536700248718 0.8170709609985352 0.016136951744556427 0.07867683470249176
5 0.19217552244663239 0.3697168529033661 0.038320593535900116 0.1377652883529663
8 0.08250165730714798 0.6725954413414001 0.010963678359985352 0.1479562222957611
11 0.48832157254219055 0.9543822407722473 0.015449347905814648 0.06390292197465897
18 0.15334452688694 0.7479159832000732 0.022741934284567833 0.3436320126056671
11 0.48815155029296875 0.06642118096351624 0.015913017094135284 0.08123886585235596
11 0.11163894832134247 0.03128066658973694 0.013456790708005428 0.06256133317947388
8 0.08178333193063736 0.1317739486694336 0.010412603616714478 0.17181342840194702
11 0.7758995890617371 0.14445540308952332 0.015847202390432358 0.07446299493312836
11 0.3941943645477295 0.7101522088050842 0.015944387763738632 0.07502491772174835
5 0.7071542739868164 0.27964332699775696 0.03996715694665909 0.12299297749996185
11 0.3687739074230194 0.08618077635765076 0.01650828868150711 0.07713925838470459
11 0.5295830965042114 0.8469800353050232 0.014966216869652271 0.07044517248868942
0 0.2769937217235565 0.48732373118400574 0.006272878963500261 0.7763511538505554
8 0.07067909836769104 0.7587719559669495 0.010194746777415276 0.15628167986869812
0 0.6708041429519653 0.4879592955112457 0.006165565922856331 0.7329480648040771
5 0.12865972518920898 0.023321550339460373 0.02353336103260517 0.046643100678920746
13 0.09218191355466843 0.7897366285324097 0.009359159506857395 0.14190734922885895
11 0.8547402024269104 0.8483655452728271 0.01624292880296707 0.0716070830821991
0 0.024643177166581154 0.49491581320762634 0.004340310115367174 0.7780267000198364
11 0.5297417640686035 0.833246111869812 0.014440249651670456 0.06512444466352463
0 0.025407681241631508 0.4981726109981537 0.004566016141325235 0.7901161313056946
