14 0.5317414402961731 0.13785454630851746 0.021705644205212593 0.10878188908100128
1 0.04294537007808685 0.7233188152313232 0.028345433995127678 0.1801377534866333
14 0.8488385677337646 0.9408778548240662 0.021570658311247826 0.11824429035186768
14 0.513907790184021 0.14122170209884644 0.020681411027908325 0.10442222654819489
5 0.1645825058221817 0.6431035399436951 0.04172358289361 0.11203823983669281
14 0.48004019260406494 0.1842803955078125 0.020186806097626686 0.12020005285739899
14 0.2666798532009125 0.1022481620311737 0.02141851931810379 0.1101694405078888
14 0.9615110158920288 0.3795960247516632 0.0211776290088892 0.11836037784814835
14 0.5489075779914856 0.13613657653331757 0.02043040841817856 0.11055036634206772
14 0.15546055138111115 0.10082720965147018 0.022315075621008873 0.13114306330680847
14 0.4447733759880066 0.14129823446273804 0.020929183810949326 0.11617240309715271
5 0.5770390033721924 0.8921790719032288 0.03138529881834984 0.10918432474136353
13 0.0795031264424324 0.7738637328147888 0.011274765245616436 0.15056078135967255
14 0.1924039125442505 0.1315169483423233 0.022047067061066628 0.12063094228506088
18 0.04297391697764397 0.24199941754341125 0.025835417211055756 0.3502538800239563
14 0.8684099912643433 0.9102903008460999 0.021694881841540337 0.13770005106925964
14 0.8682070374488831 0.3518148958683014 0.02145352028310299 0.10583288222551346
14 0.2288951575756073 0.1032499223947525 0.02225031889975071 0.10547515749931335
11 0.9012014269828796 0.6465857028961182 0.013858523219823837 0.07035978138446808
11 0.8163911700248718 0.2683866322040558 0.015895778313279152 0.07113382965326309
14 0.2481996715068817 0.10365770012140274 0.022736739367246628 0.10462181270122528
14 0.942753255367279 0.36672377586364746 0.022856926545500755 0.1285587102174759
14 0.8864046335220337 0.8893591165542603 0.022148093208670616 0.13811105489730835
5 0.6320134401321411 0.8588639497756958 0.033216577023267746 0.11423908919095993
11 0.5959917306900024 0.3303926885128021 0.014394027180969715 0.06963585317134857
14 0.9240962862968445 0.3484513759613037 0.02243196777999401 0.11884287744760513
11 0.65174800157547 0.7389759421348572 0.015461761504411697 0.07599512487649918
11 0.7593921422958374 0.19123074412345886 0.014842978678643703 0.06713497638702393
11 0.4649215042591095 0.6682036519050598 0.014838808216154575 0.06978647410869598
11 0.8639320731163025 0.746086061000824 0.014021852053701878 0.06588328629732132
13 0.07035183161497116 0.14795231819152832 0.01173183973878622 0.15064504742622375
5 0.3079185485839844 0.16623525321483612 0.03302057832479477 0.08870049566030502
11 0.1776837259531021 0.7459818720817566 0.014214284718036652 0.06378555297851562
14 0.7551503777503967 0.6311854720115662 0.022374160587787628 0.10274066030979156
14 0.17409004271030426 0.12183209508657455 0.022281285375356674 0.13386347889900208
11 0.44765111804008484 0.40762943029403687 0.015743661671876907 0.06348245590925217
11 0.21422123908996582 0.677423894405365 0.014922714792191982 0.07098805159330368
11 0.5691258907318115 0.7871653437614441 0.015686213970184326 0.07783329486846924
13 0.07856570929288864 0.22697030007839203 0.010695340111851692 0.14958392083644867
14 0.8491111993789673 0.3521844744682312 0.02311514876782894 0.1068364605307579
11 0.6510812044143677 0.3528107702732086 0.01495859120041132 0.0753660798072815
11 0.48221445083618164 0.41081884503364563 0.01544687245041132 0.06537789851427078
5 0.367986261844635 0.1977088302373886 0.036828797310590744 0.10424338281154633
11 0.7414088249206543 0.16415967047214508 0.014233882538974285 0.06891467422246933
11 0.28846636414527893 0.27182435989379883 0.013896978460252285 0.0708078145980835
11 0.17818835377693176 0.27013349533081055 0.013928942382335663 0.06816332042217255
11 0.516903817653656 0.6497503519058228 0.01594887673854828 0.07669928669929504
11 0.5514436364173889 0.2835785150527954 0.014053378254175186 0.06882667541503906
13 0.10655804723501205 0.26476624608039856 0.011919076554477215 0.15794254839420319
11 0.740351676940918 0.7608662843704224 0.014523541554808617 0.07412824034690857
14 0.6659825444221497 0.18873576819896698 0.02040054090321064 0.11004219949245453
14 0.7173073291778564 0.6774348020553589 0.02135871723294258 0.1261516958475113
13 0.10638503730297089 0.8117194771766663 0.012170986272394657 0.16233235597610474
11 0.5957432389259338 0.6230786442756653 0.015391353517770767 0.07247335463762283
5 0.5878878235816956 0.20880742371082306 0.03113734722137451 0.09241402894258499
11 0.8826352953910828 0.6714975833892822 0.014908364042639732 0.0733502134680748
11 0.2888323962688446 0.905617892742157 0.015276346355676651 0.07116589695215225
5 0.6431568264961243 0.2012779712677002 0.033519331365823746 0.10656414926052094
11 0.8456785678863525 0.839336633682251 0.01652568392455578 0.0752604529261589
5 0.30764976143836975 0.7275297045707703 0.032710000872612 0.09841930866241455
11 0.3476763069629669 0.7470874190330505 0.015335946343839169 0.07574595510959625
11 0.7787337899208069 0.720189094543457 0.015430638566613197 0.0731545090675354
11 0.7784001231193542 0.21879132091999054 0.016011301428079605 0.07122711837291718
11 0.7040077447891235 0.33147549629211426 0.01522026676684618 0.07248427718877792
14 0.781524121761322 0.36304396390914917 0.021864578127861023 0.12340857833623886
11 0.534929633140564 0.6227803230285645 0.01601686328649521 0.07200674712657928
11 0.9199773669242859 0.1986369490623474 0.015244707465171814 0.0646393671631813
11 0.9388107657432556 0.22193868458271027 0.013631872832775116 0.06575135141611099
11 0.9205238819122314 0.6249086260795593 0.015352247282862663 0.07191432267427444
14 0.8868077397346497 0.35143205523490906 0.022601304575800896 0.10342554748058319
11 0.8644200563430786 0.2216072827577591 0.014262404292821884 0.06724025309085846
11 0.7029030919075012 0.9242624640464783 0.016833102330565453 0.07589386403560638
5 0.6036187410354614 0.8736817240715027 0.03211843967437744 0.11597350239753723
11 0.1408427506685257 0.8388909101486206 0.01552619319409132 0.06731986999511719
13 0.08824057877063751 0.6725500822067261 0.012567821890115738 0.1540030837059021
13 0.07010162621736526 0.6964601278305054 0.012284496799111366 0.1469324827194214
11 0.9761572480201721 0.27087315917015076 0.014142666012048721 0.06610347330570221
11 0.49884504079818726 0.2860753536224365 0.016825297847390175 0.07588057219982147
14 0.4623749852180481 0.17272497713565826 0.020975105464458466 0.1280193030834198
11 0.8452866673469543 0.19520576298236847 0.014881636016070843 0.07165628671646118
11 0.3769824504852295 0.3606151342391968 0.014089098200201988 0.06888184696435928
11 0.7969279289245605 0.24530017375946045 0.014099614694714546 0.07438413798809052
11 0.5164656639099121 0.2642844319343567 0.01436922699213028 0.06913647800683975
11 0.43145111203193665 0.29315412044525146 0.014985274523496628 0.06779249012470245
11 0.7593558430671692 0.7389906644821167 0.015714826062321663 0.0729227364063263
11 0.14047586917877197 0.2481784224510193 0.014693810604512691 0.06932969391345978
11 0.4644092917442322 0.3170652687549591 0.015107344835996628 0.06619002670049667
11 0.6236783266067505 0.35385775566101074 0.01600453071296215 0.07474783807992935
11 0.9569820761680603 0.24985775351524353 0.014094501733779907 0.07187327742576599
14 0.736907958984375 0.6450459361076355 0.020587144419550896 0.11427780985832214
11 0.7225196361541748 0.8329722881317139 0.01502384152263403 0.06588687002658844
14 0.3920760750770569 0.19682951271533966 0.02226908691227436 0.10193651169538498
11 0.2514804005622864 0.21544349193572998 0.014896210283041 0.07428009063005447
11 0.6236428618431091 0.668991208076477 0.016030002385377884 0.07936576008796692
13 0.08902952075004578 0.13086016476154327 0.011738251894712448 0.1551969349384308
5 0.7277204990386963 0.0438108928501606 0.04274483397603035 0.0876217857003212
11 0.3178033232688904 0.28765538334846497 0.014307833276689053 0.06816945225000381
11 0.19608134031295776 0.35973861813545227 0.014202647842466831 0.07192522287368774
11 0.49980878829956055 0.6716047525405884 0.01566370204091072 0.07493603229522705
14 0.5033066868782043 0.7814274430274963 0.020626474171876907 0.11508218944072723
11 0.3179824948310852 0.8169659972190857 0.014049813151359558 0.06079569831490517
0 0.41241002082824707 0.4995810091495514 0.006058535072952509 0.7135797142982483
5 0.801425039768219 0.3856925368309021 0.02201041579246521 0.1109570860862732
11 0.23286382853984833 0.3634496033191681 0.014467103406786919 0.06703362613916397
11 0.6674271821975708 0.31467458605766296 0.015307940542697906 0.06064773350954056
11 0.5683698058128357 0.31419894099235535 0.014998728409409523 0.061488814651966095
13 0.09721119701862335 0.18631930649280548 0.011346209794282913 0.1664806455373764
11 0.27006030082702637 0.364516019821167 0.015393932349979877 0.06925796717405319
14 0.755501389503479 0.04369581490755081 0.02253139019012451 0.08739162981510162
11 0.9012651443481445 0.17479661107063293 0.013981400988996029 0.06945277750492096
11 0.48301756381988525 0.6999344825744629 0.015570108778774738 0.06827417761087418
5 0.45421457290649414 0.5531054735183716 0.03893052041530609 0.10047242045402527
13 0.09760396927595139 0.7443280220031738 0.01123433094471693 0.14511899650096893
11 0.4829235076904297 0.6860957741737366 0.01535776350647211 0.06920462101697922
11 0.3955571949481964 0.3150792121887207 0.014279625378549099 0.05843697115778923
11 0.883293628692627 0.2554936110973358 0.016423434019088745 0.0686771497130394
0 0.6835516691207886 0.49585434794425964 0.007132906466722488 0.7029905319213867
11 0.21376767754554749 0.2393455058336258 0.015339040197432041 0.07278867065906525
11 0.5338301658630371 0.2363244593143463 0.014763646759092808 0.08839353173971176
13 0.3346044719219208 0.32221487164497375 0.01160405669361353 0.15034374594688416
11 0.15941128134727478 0.3638020157814026 0.014488359913229942 0.0716472715139389
11 0.6660968661308289 0.3111644387245178 0.017354389652609825 0.08218634873628616
11 0.8830891251564026 0.23510156571865082 0.016015248373150826 0.06818918883800507
14 0.47981470823287964 0.5409687757492065 0.02133086696267128 0.09134361892938614
0 0.9924030900001526 0.4865444004535675 0.005727079696953297 0.746802568435669
11 0.62342768907547 0.3670225143432617 0.01583443023264408 0.06748251616954803
14 0.2273128628730774 0.12192847579717636 0.01916562207043171 0.12393642216920853
0 0.025145279243588448 0.5007407665252686 0.00459471857175231 0.7558991312980652
13 0.09125102311372757 0.1590040922164917 0.011430957354605198 0.16762566566467285
11 0.19597971439361572 0.3721151053905487 0.014025461860001087 0.07286173105239868
