1 0.04284626245498657 0.7945534586906433 0.026866136118769646 0.2006823718547821
14 0.6814963221549988 0.41674819588661194 0.022475242614746094 0.12404976785182953
14 0.7609895467758179 0.3583683371543884 0.023418843746185303 0.12196217477321625
14 0.9192726612091064 0.3109879493713379 0.02277943305671215 0.12218780070543289
14 0.780876636505127 0.3590696156024933 0.023339377716183662 0.12696000933647156
14 0.7012313604354858 0.41363874077796936 0.0227325689047575 0.12269299477338791
14 0.9390968680381775 0.3091863989830017 0.023602891713380814 0.12426577508449554
14 0.3823009133338928 0.30923113226890564 0.023017294704914093 0.12472973763942719
14 0.1645112782716751 0.4132806360721588 0.021981142461299896 0.12477680295705795
14 0.22461740672588348 0.3615359663963318 0.023459339514374733 0.11791736632585526
14 0.8004463315010071 0.35565242171287537 0.022395731881260872 0.12636259198188782
5 0.583608865737915 0.777529239654541 0.02821331098675728 0.10770238935947418
14 0.24421969056129456 0.36205509305000305 0.023389918729662895 0.12314697355031967
14 0.9595476388931274 0.3059341609477997 0.026018107309937477 0.13437138497829437
14 0.4024620056152344 0.30713173747062683 0.022831542417407036 0.1248069480061531
14 0.4228723645210266 0.30362755060195923 0.025561487302184105 0.12767811119556427
14 0.14493735134601593 0.4193870425224304 0.023765042424201965 0.12862539291381836
14 0.8604649305343628 0.346728652715683 0.02260471321642399 0.1252923160791397
14 0.26394838094711304 0.35706615447998047 0.022997045889496803 0.12411362677812576
14 0.34309425950050354 0.3495161235332489 0.02139526605606079 0.11951286345720291
11 0.7170267701148987 0.23958976566791534 0.014110736548900604 0.07693833857774734
14 0.3241284191608429 0.34574633836746216 0.024214409291744232 0.12749309837818146
11 0.7962675094604492 0.6918607354164124 0.014672295190393925 0.0786830335855484
11 0.7764197587966919 0.2407159060239792 0.013861572369933128 0.076497383415699
5 0.4843488037586212 0.8553546667098999 0.029806727543473244 0.10956791788339615
14 0.8402828574180603 0.34528836607933044 0.02342296950519085 0.12647052109241486
13 0.1069636195898056 0.904344916343689 0.011092758737504482 0.18019498884677887
11 0.35792356729507446 0.10340046882629395 0.013110539875924587 0.07167172431945801
11 0.18050681054592133 0.240500345826149 0.01418991107493639 0.07522755116224289
13 0.07980868220329285 0.21236680448055267 0.010120444931089878 0.1662472039461136
11 0.43950289487838745 0.06875637918710709 0.013436658307909966 0.06990347802639008
11 0.2987828254699707 0.7719293236732483 0.014511635527014732 0.07461704313755035
13 0.07048578560352325 0.12107271701097488 0.011181043460965157 0.1545032411813736
11 0.23969779908657074 0.24073851108551025 0.012912747450172901 0.07387716323137283
11 0.3390193581581116 0.18437059223651886 0.01324779074639082 0.07084421068429947
11 0.9759613871574402 0.07239514589309692 0.014315232634544373 0.07557933777570724
14 0.3033800721168518 0.3473309874534607 0.024110792204737663 0.13094528019428253
5 0.7708342671394348 0.8534025549888611 0.04451826214790344 0.12878574430942535
5 0.9293041825294495 0.836517870426178 0.04427376389503479 0.13241474330425262
5 0.7316095232963562 0.8781551122665405 0.043453399091959 0.13567815721035004
11 0.8363104462623596 0.07264526188373566 0.014695794321596622 0.08093710988759995
11 0.2199297547340393 0.6890960335731506 0.014765888452529907 0.07479674369096756
11 0.8152207136154175 0.09968403726816177 0.014424925670027733 0.08081928640604019
11 0.6971921324729919 0.2937392592430115 0.0151680214330554 0.08140165358781815
11 0.2795010507106781 0.10031664371490479 0.013755310326814651 0.07560817152261734
5 0.6907099485397339 0.9184651970863342 0.040390610694885254 0.10104254633188248
11 0.29906153678894043 0.07634615898132324 0.013998307287693024 0.07835154235363007
11 0.87544184923172 0.1843855082988739 0.014198992401361465 0.07473310083150864
11 0.8951603174209595 0.10202177613973618 0.013455539010465145 0.07379233837127686
11 0.5776730179786682 0.48787635564804077 0.014132486656308174 0.07251814752817154
14 0.8798024654388428 0.35177135467529297 0.022606417536735535 0.11213983595371246
11 0.5271040201187134 0.543731153011322 0.013757889159023762 0.07067080587148666
11 0.1607416421175003 0.29456332325935364 0.014134358614683151 0.07714760303497314
14 0.7215362787246704 0.4077568054199219 0.024287328124046326 0.13833682239055634
18 0.0429111123085022 0.23143769800662994 0.02543519251048565 0.4235326647758484
11 0.20045317709445953 0.18561185896396637 0.014136701822280884 0.07496930658817291
5 0.8890367150306702 0.8637567162513733 0.04492555186152458 0.13621242344379425
11 0.7961330413818359 0.18002668023109436 0.014341243542730808 0.07350567728281021
14 0.18434877693653107 0.4158177673816681 0.023583507165312767 0.1288377195596695
5 0.5087586045265198 0.8144099116325378 0.02829735167324543 0.1354837417602539
11 0.37859201431274414 0.07495339214801788 0.014820174314081669 0.07890253514051437
11 0.6268908977508545 0.5427568554878235 0.013600839301943779 0.0715273767709732
11 0.14076462388038635 0.7962142825126648 0.015194580890238285 0.08159419149160385
11 0.5017704963684082 0.6327957510948181 0.014657227322459221 0.08308567106723785
11 0.7173189520835876 0.6902073621749878 0.014415552839636803 0.080661840736866
5 0.5334048271179199 0.7853738069534302 0.028602616861462593 0.12961789965629578
11 0.854897141456604 0.21299675107002258 0.01280437782406807 0.07353760302066803
11 0.7568775415420532 0.6050800681114197 0.01573316752910614 0.08311997354030609
11 0.39781656861305237 0.18130847811698914 0.013713626191020012 0.07867131382226944
11 0.9146578907966614 0.5705953240394592 0.013848836533725262 0.07431633025407791
11 0.41724589467048645 0.0464363731443882 0.013627656735479832 0.08234808593988419
5 0.8503867387771606 0.8952809572219849 0.04298453405499458 0.12944547832012177
11 0.8362232446670532 0.774846076965332 0.01527358777821064 0.08524901419878006
11 0.9344189167022705 0.1848389357328415 0.013768383301794529 0.07803574949502945
11 0.259431928396225 0.1831662952899933 0.014699180610477924 0.07396193593740463
11 0.6014482975006104 0.6372164487838745 0.014742344617843628 0.08508532494306564
11 0.3186466693878174 0.21359576284885406 0.01406723540276289 0.07661141455173492
13 0.06962667405605316 0.7682352066040039 0.010341002605855465 0.1708136945962906
11 0.6773107647895813 0.10107363760471344 0.0132757518440485 0.07415615767240524
11 0.14066535234451294 0.10316411405801773 0.015124700032174587 0.08059947937726974
11 0.7566601634025574 0.10196246951818466 0.014271598309278488 0.0768587589263916
11 0.551569938659668 0.5170447826385498 0.014588343910872936 0.07152243703603745
11 0.220338836312294 0.10456420481204987 0.013518031686544418 0.07499027252197266
11 0.915245532989502 0.07190763205289841 0.01440295111387968 0.07811016589403152
11 0.7368903756141663 0.18049703538417816 0.013091838918626308 0.07177432626485825
11 0.9546101093292236 0.04829651862382889 0.013699141331017017 0.08535369485616684
13 0.08795899152755737 0.7463391423225403 0.012015679851174355 0.17939792573451996
13 0.10651648044586182 0.2615959048271179 0.011232856661081314 0.1827130764722824
20 0.47692611813545227 0.09981314092874527 0.019306661561131477 0.09368430078029633
13 0.08793984353542328 0.08927998691797256 0.011709954589605331 0.16002871096134186
0 0.4558333158493042 0.5253385901451111 0.006169483996927738 0.8352391123771667
11 0.6782398819923401 0.7944601774215698 0.013965390622615814 0.07597371190786362
13 0.07867654412984848 0.8480234146118164 0.012316516600549221 0.16751936078071594
11 0.47654643654823303 0.7416016459465027 0.014793558977544308 0.07851389795541763
0 0.6616125106811523 0.5351252555847168 0.005769235081970692 0.8426032662391663
13 0.09681958705186844 0.8200300335884094 0.010449238121509552 0.18991947174072266
13 0.09724888950586319 0.18433700501918793 0.010149168781936169 0.15844236314296722
0 0.024426279589533806 0.5160486102104187 0.0041985479183495045 0.8789514303207397
0 0.025198224931955338 0.5258635878562927 0.004467403050512075 0.8875389695167542
11 0.8754063248634338 0.6608453989028931 0.016998358070850372 0.08623205125331879
5 0.5821629166603088 0.7159203290939331 0.02583141438663006 0.13152416050434113
11 0.3786437213420868 0.6535890698432922 0.016251608729362488 0.08197907358407974
13 0.08936720341444016 0.10270935297012329 0.011427375487983227 0.1774439960718155
11 0.9550822377204895 0.6611335873603821 0.016446305438876152 0.08558913320302963
0 0.6628232002258301 0.5187660455703735 0.006217872258275747 0.8328299522399902
