1 0.043144628405570984 0.7875424027442932 0.028751501813530922 0.17980651557445526
14 0.6408796310424805 0.2686397135257721 0.03467276692390442 0.15285161137580872
14 0.762823760509491 0.26827433705329895 0.03564246743917465 0.15257032215595245
11 0.25973090529441833 0.10772636532783508 0.01508245524019003 0.07279299944639206
5 0.15550489723682404 0.922171950340271 0.04328594356775284 0.10710586607456207
11 0.722238302230835 0.04350879788398743 0.0160174909979105 0.08701759576797485
11 0.9671106338500977 0.032760877162218094 0.015490193851292133 0.06552175432443619
11 0.2206413298845291 0.6288275122642517 0.014586393721401691 0.06775711476802826
14 0.8864138126373291 0.26514241099357605 0.0370907187461853 0.156973734498024
11 0.373451292514801 0.10946270823478699 0.015556183643639088 0.07941541820764542
5 0.23461070656776428 0.2992746829986572 0.0431312695145607 0.1072545051574707
5 0.1937408298254013 0.3176880478858948 0.04289976507425308 0.12023705989122391
18 0.042843397706747055 0.2579842507839203 0.025606362149119377 0.38970422744750977
5 0.778262734413147 0.8821602463722229 0.06670685112476349 0.13827674090862274
11 0.14093056321144104 0.24666157364845276 0.015355106443166733 0.07489177584648132
14 0.9153944253921509 0.24171441793441772 0.03453980013728142 0.15893599390983582
11 0.8446634411811829 0.04004554823040962 0.015737203881144524 0.08009109646081924
11 0.14092248678207397 0.8197975158691406 0.015147021971642971 0.07146617770195007
11 0.4734097421169281 0.1594758778810501 0.015122233889997005 0.07849547266960144
13 0.10667441785335541 0.8925039768218994 0.011834384873509407 0.16800634562969208
5 0.1548432856798172 0.3434201776981354 0.04481901973485947 0.10595263540744781
14 0.43030789494514465 0.4148157835006714 0.02961747720837593 0.12363021075725555
13 0.10652722418308258 0.2878386080265045 0.011600211262702942 0.16841919720172882
11 0.6307955980300903 0.6072992086410522 0.016303695738315582 0.07882518321275711
14 0.9465199112892151 0.22045646607875824 0.035685520619153976 0.14884263277053833
13 0.06996839493513107 0.16509684920310974 0.01141140516847372 0.15918497741222382
14 0.701507568359375 0.2230468988418579 0.034744925796985626 0.1500653326511383
14 0.7931508421897888 0.24570976197719574 0.035051312297582626 0.15512557327747345
13 0.07034113258123398 0.7630189657211304 0.01127270795404911 0.1709214299917221
11 0.6916279196739197 0.06201237067580223 0.01663600467145443 0.08319168537855148
11 0.5691627264022827 0.06036590784788132 0.015976231545209885 0.08164919912815094
13 0.07893333584070206 0.8468655943870544 0.01094820350408554 0.16399024426937103
11 0.6003965735435486 0.037008803337812424 0.016382042318582535 0.07401760667562485
14 0.33145999908447266 0.36381593346595764 0.026987740769982338 0.12434332817792892
13 0.0883418619632721 0.7418592572212219 0.011952424421906471 0.17205600440502167
5 0.3187163174152374 0.8396897315979004 0.05227869749069214 0.11428368091583252
11 0.8144567012786865 0.6631951332092285 0.015906183049082756 0.08339568227529526
14 0.5491579174995422 0.24058131873607635 0.034750934690237045 0.16185683012008667
14 0.518348217010498 0.2716085612773895 0.03604603558778763 0.15587981045246124
14 0.35571974515914917 0.367218941450119 0.028698161244392395 0.1168786957859993
11 0.3983755111694336 0.5538652539253235 0.014388466253876686 0.0726202055811882
11 0.39869382977485657 0.26775938272476196 0.014854548498988152 0.07984849810600281
14 0.8236821293830872 0.2236735075712204 0.03512270376086235 0.15350759029388428
14 0.5795620679855347 0.22167108952999115 0.03343179449439049 0.1482541859149933
14 0.45522305369377136 0.41929906606674194 0.028760923072695732 0.12414722889661789
11 0.815215528011322 0.05896276980638504 0.016408905386924744 0.08340899646282196
14 0.40493062138557434 0.4121831953525543 0.028584230691194534 0.122568279504776
11 0.3489702641963959 0.23981736600399017 0.015255448408424854 0.08402638882398605
11 0.7530768513679504 0.7693579792976379 0.01570895127952099 0.07447174936532974
11 0.783454179763794 0.04295558109879494 0.01630845107138157 0.08591116219758987
14 0.3071634769439697 0.36263662576675415 0.02842334657907486 0.12415305525064468
11 0.3000450134277344 0.7379347681999207 0.014494705945253372 0.068956159055233
11 0.5692762136459351 0.6897339224815369 0.01483288872987032 0.08072147518396378
14 0.6717433929443359 0.2353864312171936 0.034488495439291 0.16140323877334595
5 0.5332585573196411 0.8999505639076233 0.06732738018035889 0.12582671642303467
11 0.3247886300086975 0.0798451229929924 0.014333575032651424 0.07818812131881714
11 0.5394414663314819 0.03538281470537186 0.016172252595424652 0.07076562941074371
11 0.34890216588974 0.6344427466392517 0.015090415254235268 0.077242411673069
11 0.4481772482395172 0.2954651415348053 0.0141599765047431 0.07487118244171143
11 0.9052732586860657 0.03705022856593132 0.01567971147596836 0.07410045713186264
11 0.3000488877296448 0.20763209462165833 0.015172102488577366 0.07580547034740448
11 0.9363148212432861 0.0638454258441925 0.016948310658335686 0.08378916233778
13 0.07949468493461609 0.24427394568920135 0.011600838974118233 0.15698307752609253
11 0.6612672805786133 0.03993934765458107 0.016077494248747826 0.07987869530916214
11 0.42371270060539246 0.13786724209785461 0.015621098689734936 0.07838089019060135
11 0.7532132863998413 0.13758161664009094 0.015481224283576012 0.08143394440412521
11 0.8758218288421631 0.13553501665592194 0.01560688205063343 0.07757490873336792
13 0.08836060017347336 0.13758254051208496 0.01152576133608818 0.17078329622745514
11 0.5081951022148132 0.1328732818365097 0.014969623647630215 0.0735696330666542
11 0.8752288818359375 0.5826055407524109 0.01645832508802414 0.08448565006256104
0 0.49283117055892944 0.5375624895095825 0.005565275903791189 0.780300498008728
11 0.1802082508802414 0.7120637893676758 0.01622246950864792 0.07395530492067337
11 0.6305530071258545 0.1333385407924652 0.014196481555700302 0.07214228063821793
0 0.02443183772265911 0.5298042893409729 0.004163615871220827 0.8043925166130066
13 0.09710920602083206 0.21359603106975555 0.010442886501550674 0.17086586356163025
11 0.22127486765384674 0.1386701911687851 0.013484016060829163 0.08355823159217834
0 0.025207119062542915 0.5391689538955688 0.004548919852823019 0.8164854645729065
13 0.09699135273694992 0.7859131097793579 0.010347993113100529 0.19523119926452637
14 0.6843745708465576 0.22613872587680817 0.025871282443404198 0.15486212074756622
0 0.9924454689025879 0.5282629132270813 0.006185134872794151 0.8254612684249878
11 0.5084753036499023 0.7914823889732361 0.014966394752264023 0.07902466505765915
11 0.20668715238571167 0.17067277431488037 0.012836890295147896 0.0822049230337143
