11 0.9702489972114563 0.1270102858543396 0.01664126291871071 0.0706024318933487
18 0.042195405811071396 0.31847214698791504 0.027906769886612892 0.3576400876045227
14 0.9133448600769043 0.30098000168800354 0.023254653438925743 0.11301757395267487
11 0.597102701663971 0.052788540720939636 0.015291794203221798 0.061134643852710724
8 0.07817485928535461 0.21056479215621948 0.009772773832082748 0.12261931598186493
8 0.11641357839107513 0.8249466419219971 0.010976025834679604 0.12708692252635956
11 0.9104921221733093 0.7752699255943298 0.01545120682567358 0.0698004961013794
5 0.9351257085800171 0.6839320063591003 0.04169731214642525 0.10192213952541351
11 0.4159528613090515 0.12357816100120544 0.016780070960521698 0.06840534508228302
5 0.9028177261352539 0.6675289273262024 0.03202928975224495 0.09868190437555313
8 0.10692920535802841 0.32029128074645996 0.009757527150213718 0.14085979759693146
11 0.5065463185310364 0.05392139405012131 0.015218570828437805 0.06134738773107529
1 0.041673384606838226 0.8166998028755188 0.028632469475269318 0.1857546716928482
8 0.11701921373605728 0.2574545443058014 0.00989120826125145 0.12394574284553528
5 0.4891345500946045 0.3282918334007263 0.027198953554034233 0.10114006698131561
5 0.6031754016876221 0.2848586142063141 0.027760127559304237 0.09686204046010971
5 0.8778645992279053 0.6551055312156677 0.029955649748444557 0.09252284467220306
5 0.6136491894721985 0.6131802797317505 0.02908555045723915 0.08684136718511581
5 0.7653412818908691 0.925433337688446 0.030660629272460938 0.09662182629108429
11 0.3037797212600708 0.23668423295021057 0.015720831230282784 0.06528472900390625
11 0.8079948425292969 0.5934844613075256 0.015557859092950821 0.061792999505996704
5 0.24467502534389496 0.9444405436515808 0.02490243874490261 0.09113539755344391
14 0.9325975775718689 0.28151145577430725 0.023372339084744453 0.12653934955596924
11 0.48382022976875305 0.7726110816001892 0.015576718375086784 0.07397925108671188
11 0.859328031539917 0.1906929463148117 0.015351532027125359 0.06631243228912354
11 0.8086469173431396 0.16644997894763947 0.015731746330857277 0.06536924839019775
11 0.41642093658447266 0.2348015159368515 0.016410984098911285 0.0702725425362587
11 0.34867507219314575 0.09891849011182785 0.016696026548743248 0.06326544284820557
11 0.4385633170604706 0.7491031885147095 0.015737734735012054 0.07251180708408356
5 0.478664755821228 0.6669149398803711 0.028656678274273872 0.09963162988424301
11 0.6441304087638855 0.10113686323165894 0.01645120233297348 0.06301623582839966
5 0.3771830201148987 0.9323952198028564 0.028532791882753372 0.0960162803530693
5 0.5683700442314148 0.6131099462509155 0.027226252481341362 0.08564302325248718
5 0.591022789478302 0.6157914400100708 0.02590101957321167 0.08759722858667374
11 0.7575432062149048 0.6630210876464844 0.014906298369169235 0.06155899539589882
5 0.8151254057884216 0.40915408730506897 0.02944718860089779 0.09948764741420746
11 0.5968606472015381 0.6985750794410706 0.015955660492181778 0.05970902740955353
8 0.08785967528820038 0.31005606055259705 0.008759558200836182 0.11703912913799286
5 0.20200005173683167 0.31931793689727783 0.024930385872721672 0.0990031287074089
5 0.6725087761878967 0.9167234897613525 0.02628939040005207 0.1044808104634285
5 0.7902908325195312 0.39335766434669495 0.029597312211990356 0.10618297010660172
11 0.6670182943344116 0.7583451867103577 0.01546667143702507 0.07109344750642776
5 0.6952515840530396 0.8965176939964294 0.027607552707195282 0.11643508821725845
11 0.8337694406509399 0.1915556937456131 0.014919830486178398 0.06686069816350937
11 0.4839741289615631 0.07146051526069641 0.016908835619688034 0.06515158712863922
11 0.6210347414016724 0.07312502712011337 0.014584926888346672 0.0615951232612133
11 0.23981259763240814 0.6894445419311523 0.016378214582800865 0.07140122354030609
11 0.261025071144104 0.7573357820510864 0.014119584113359451 0.06574409455060959
5 0.35426247119903564 0.9360308647155762 0.026547275483608246 0.0893905758857727
11 0.8336665034294128 0.7368977069854736 0.01526892650872469 0.06946361064910889
5 0.6954213380813599 0.2912541925907135 0.02777276374399662 0.09235429018735886
11 0.19665996730327606 0.701559841632843 0.015533576719462872 0.058568328619003296
11 0.484308660030365 0.23150348663330078 0.014021159149706364 0.06593025475740433
5 0.2131396234035492 0.6150270700454712 0.02686152793467045 0.0828784927725792
11 0.8600322604179382 0.30862465500831604 0.015455261804163456 0.0652739554643631
11 0.2398197203874588 0.8468449115753174 0.014319474808871746 0.07068069279193878
11 0.30377379059791565 0.7576099038124084 0.016340943053364754 0.067229263484478
11 0.4607207477092743 0.8190282583236694 0.015952689573168755 0.06918278336524963
5 0.764703631401062 0.3711504638195038 0.030825041234493256 0.11664729565382004
5 0.501440703868866 0.6816003322601318 0.02556743659079075 0.08643320202827454
11 0.3040175139904022 0.0756550133228302 0.016186386346817017 0.062839075922966
11 0.5068563222885132 0.20792646706104279 0.015580537728965282 0.06744732707738876
11 0.7829399108886719 0.7363941669464111 0.015567194670438766 0.06543087959289551
8 0.0977042019367218 0.23390597105026245 0.010151096619665623 0.1272524893283844
11 0.1537693440914154 0.9620264172554016 0.016864055767655373 0.06151154637336731
11 0.3935922086238861 0.5926771759986877 0.017193501815199852 0.061897631734609604
8 0.07793401926755905 0.7743715047836304 0.010386154986917973 0.12432216107845306
11 0.7577909231185913 0.8241825103759766 0.015938591212034225 0.07208404690027237
5 0.19148609042167664 0.6196864247322083 0.024664897471666336 0.08157354593276978
11 0.39408078789711 0.19074882566928864 0.01573813520371914 0.06258845329284668
11 0.8592550754547119 0.9171665906906128 0.0171333160251379 0.07011410593986511
11 0.9486739635467529 0.821582019329071 0.01525082066655159 0.06680235266685486
11 0.21838921308517456 0.21377642452716827 0.015471740625798702 0.06314783543348312
5 0.39940717816352844 0.3312152624130249 0.0256692785769701 0.1032247468829155
11 0.2396075278520584 0.19304652512073517 0.01602124609053135 0.06555189937353134
11 0.8338565230369568 0.30840396881103516 0.015866877511143684 0.07000502943992615
11 0.7132277488708496 0.14481015503406525 0.016906525939702988 0.07028727233409882
11 0.19673241674900055 0.1949642300605774 0.015165256336331367 0.06573846191167831
11 0.48422771692276 0.9308265447616577 0.015871545299887657 0.06457813829183578
5 0.26642560958862305 0.9166552424430847 0.02524026483297348 0.10718758404254913
5 0.18430660665035248 0.6178179979324341 0.018473519012331963 0.07939722388982773
11 0.8844547867774963 0.8217580318450928 0.016121862456202507 0.06970339268445969
11 0.37140220403671265 0.7350876331329346 0.015173141844570637 0.06450368463993073
8 0.10765203833580017 0.8900265097618103 0.00891166366636753 0.1321883350610733
5 0.6495465636253357 0.9375234842300415 0.027252091094851494 0.10077810287475586
11 0.9104078412055969 0.9317846894264221 0.01581425778567791 0.0627032071352005
11 0.15419231355190277 0.18407750129699707 0.017437312752008438 0.05914561450481415
11 0.4157739281654358 0.8244615197181702 0.015693508088588715 0.07027462124824524
11 0.7579712867736816 0.16819410026073456 0.016386041417717934 0.06324895471334457
11 0.6891997456550598 0.18910962343215942 0.01410315278917551 0.060164909809827805
11 0.927668571472168 0.16846004128456116 0.01440391968935728 0.0651986226439476
5 0.8156309127807617 0.8814566135406494 0.029891619458794594 0.12790042161941528
11 0.8079217672348022 0.2777867019176483 0.014535278081893921 0.0674053505063057
11 0.1538458615541458 0.09963567554950714 0.017163656651973724 0.06440972536802292
11 0.439320832490921 0.9177297949790955 0.015262231230735779 0.06684567034244537
11 0.4393424093723297 0.14680427312850952 0.016328802332282066 0.07161416113376617
11 0.5058717131614685 0.8229161500930786 0.016545124351978302 0.0705462247133255
11 0.3492811322212219 0.8246973156929016 0.01583910547196865 0.07401565462350845
11 0.7832003235816956 0.14802472293376923 0.015822697430849075 0.07105454802513123
11 0.6444032788276672 0.842609703540802 0.01557893492281437 0.06771595776081085
5 0.45523858070373535 0.652368426322937 0.02596471831202507 0.08783949911594391
11 0.283374160528183 0.14680255949497223 0.01648024655878544 0.07438436150550842
8 0.06704802811145782 0.28480008244514465 0.009788215160369873 0.12379027903079987
8 0.09670411050319672 0.8185258507728577 0.008710340596735477 0.16121235489845276
11 0.9488375782966614 0.14678354561328888 0.016322718933224678 0.06776261329650879
11 0.8592327237129211 0.7524130940437317 0.015613495372235775 0.06721142679452896
5 0.39903178811073303 0.9390376806259155 0.02612575888633728 0.08955018222332001
11 0.9098409414291382 0.19235257804393768 0.014511138200759888 0.06227019801735878
11 0.2830285131931305 0.6920985579490662 0.01717843860387802 0.05772753804922104
5 0.7901798486709595 0.9071879386901855 0.029502589255571365 0.11021313071250916
11 0.5509532690048218 0.7980151772499084 0.016499105840921402 0.07221325486898422
5 0.6489542722702026 0.29133954644203186 0.025537308305501938 0.09640902280807495
11 0.19679415225982666 0.7548763751983643 0.015838587656617165 0.056458763778209686
8 0.06689376384019852 0.8501154184341431 0.008437632583081722 0.12519153952598572
11 0.34840479493141174 0.6671206951141357 0.015609275549650192 0.06768323481082916
11 0.39369845390319824 0.6660621166229248 0.016388140618801117 0.06037271395325661
11 0.8345768451690674 0.29838576912879944 0.014719916507601738 0.06661825627088547
11 0.8595878481864929 0.2980414628982544 0.015608591958880424 0.06980233639478683
11 0.6440073847770691 0.6797947883605957 0.016962634399533272 0.07019903510808945
14 0.9537632465362549 0.2675560414791107 0.02518458105623722 0.11512760818004608
11 0.34917381405830383 0.18118023872375488 0.016670187935233116 0.05956751108169556
8 0.09623830765485764 0.7966590523719788 0.008335854858160019 0.12201782315969467
5 0.28728362917900085 0.8956465125083923 0.024280747398734093 0.11848526448011398
11 0.666724443435669 0.19319510459899902 0.014837837778031826 0.06657834351062775
11 0.5969265699386597 0.7530151009559631 0.016377083957195282 0.06047463044524193
5 0.6721237897872925 0.28927701711654663 0.026912707835435867 0.09175282716751099
11 0.5500918626785278 0.9568743109703064 0.017570769414305687 0.07031487673521042
11 0.28311458230018616 0.6784918308258057 0.01703663542866707 0.06498052924871445
11 0.6895344853401184 0.6874409914016724 0.015320979058742523 0.05428086221218109
11 0.8078917860984802 0.6665206551551819 0.015504013746976852 0.06131955236196518
11 0.6443001627922058 0.1856318861246109 0.016972724348306656 0.07183416187763214
11 0.28273624181747437 0.640739381313324 0.01756763458251953 0.05964459478855133
11 0.7129683494567871 0.7538170218467712 0.015312775038182735 0.06555294990539551
0 0.3265799582004547 0.5269131064414978 0.007280063349753618 0.7378132343292236
5 0.1701788753271103 0.6156749725341797 0.025260798633098602 0.07939422875642776
11 0.6213317513465881 0.19021528959274292 0.016643714159727097 0.07186461985111237
11 0.5742420554161072 0.801842451095581 0.016511932015419006 0.07261745631694794
11 0.15406005084514618 0.25409895181655884 0.016597602516412735 0.06159091368317604
5 0.28693458437919617 0.32159531116485596 0.022939199581742287 0.11259888112545013
11 0.17552942037582397 0.8051040768623352 0.015733502805233 0.06923074275255203
11 0.21836143732070923 0.8006761074066162 0.016514688730239868 0.06453069299459457
0 0.734414279460907 0.581908106803894 0.007829002104699612 0.7296092510223389
11 0.43952271342277527 0.2556571960449219 0.016103237867355347 0.07546713948249817
11 0.5508886575698853 0.02958151325583458 0.016044536605477333 0.05916302651166916
11 0.6202108263969421 0.8017083406448364 0.01511380448937416 0.07192093133926392
11 0.15425847470760345 0.8057383298873901 0.015840627253055573 0.06968001276254654
11 0.8832277059555054 0.8114476203918457 0.018425308167934418 0.07048530131578445
8 0.08733934164047241 0.8748531937599182 0.01092746201902628 0.11517424881458282
11 0.6896790862083435 0.634838879108429 0.01696513220667839 0.05878891423344612
11 0.5973892211914062 0.1524014174938202 0.015570824965834618 0.07157562673091888
0 0.9921752214431763 0.5657013654708862 0.006133691407740116 0.7359483242034912
11 0.5510883927345276 0.16819916665554047 0.017983328551054 0.06491121649742126
8 0.0899943858385086 0.8556773066520691 0.010031843557953835 0.14209958910942078
0 0.5279014110565186 0.5731254816055298 0.00843793898820877 0.7809953093528748
