5 0.29488492012023926 0.2936643064022064 0.027712341398000717 0.10023558139801025
1 0.042180780321359634 0.8074424266815186 0.02834024839103222 0.1940186768770218
5 0.5015489459037781 0.38333621621131897 0.027416879311203957 0.08971069008111954
11 0.22134652733802795 0.7885359525680542 0.01486511342227459 0.06148242950439453
8 0.10655470937490463 0.29607337713241577 0.008660273626446724 0.12950119376182556
11 0.4034824073314667 0.15355978906154633 0.01564805582165718 0.06807476282119751
11 0.7389695048332214 0.27427202463150024 0.014700490981340408 0.06610842049121857
5 0.20459550619125366 0.2865896224975586 0.026968663558363914 0.09684940427541733
11 0.8900903463363647 0.909885585308075 0.015392269939184189 0.06562238931655884
11 0.1539895236492157 0.22543565928936005 0.016523141413927078 0.06236259639263153
11 0.4957180619239807 0.15138784050941467 0.014491476118564606 0.061238233000040054
11 0.7155242562294006 0.22447270154953003 0.014683328568935394 0.06116112321615219
18 0.041791848838329315 0.27878451347351074 0.028232693672180176 0.36429211497306824
11 0.6047109365463257 0.15443536639213562 0.014079295098781586 0.05949033051729202
5 0.9621492624282837 0.6653539538383484 0.030948808416724205 0.09111203998327255
11 0.35634732246398926 0.22567299008369446 0.015347854234278202 0.061911262571811676
11 0.6676461696624756 0.15355284512043 0.014302453957498074 0.06028611212968826
8 0.06775810569524765 0.8426550626754761 0.010241965763270855 0.1346665471792221
11 0.1762068271636963 0.7874732613563538 0.014857711270451546 0.06406451761722565
8 0.06702852994203568 0.25240394473075867 0.00985120702534914 0.13140809535980225
11 0.5635489225387573 0.15361665189266205 0.014554421417415142 0.06496186554431915
11 0.3800027072429657 0.72042316198349 0.013842061161994934 0.06403263658285141
8 0.11629793047904968 0.22425787150859833 0.010727064684033394 0.1291162222623825
11 0.5633538961410522 0.27321282029151917 0.014730053022503853 0.0698748230934143
11 0.9176985025405884 0.8136186599731445 0.013331926427781582 0.058409638702869415
5 0.40900301933288574 0.29425355792045593 0.02701740339398384 0.09926772862672806
11 0.6441787481307983 0.17709189653396606 0.01420438289642334 0.060465335845947266
5 0.8168336153030396 0.9080104231834412 0.03055916354060173 0.10871356725692749
11 0.24445852637290955 0.8376935720443726 0.015805771574378014 0.06335413455963135
11 0.44966912269592285 0.9075067043304443 0.014257237315177917 0.06580911576747894
11 0.8896040916442871 0.7428798675537109 0.015061373822391033 0.06404798477888107
11 0.2892013192176819 0.10293938964605331 0.014897339977324009 0.0687677189707756
11 0.4497908651828766 0.22142797708511353 0.015195655636489391 0.067464679479599
11 0.19891227781772614 0.1524127572774887 0.01499828789383173 0.0647653117775917
11 0.8101915717124939 0.7203212976455688 0.015691010281443596 0.06620945781469345
5 0.569498598575592 0.3762369453907013 0.02812317945063114 0.10643195360898972
11 0.6677071452140808 0.6730039715766907 0.01555026788264513 0.0649752989411354
11 0.2442091405391693 0.15660181641578674 0.014920230954885483 0.06484971940517426
11 0.6436136364936829 0.7885687947273254 0.015078159049153328 0.06333144009113312
11 0.4262778162956238 0.20202763378620148 0.013748163357377052 0.061361782252788544
11 0.2218572050333023 0.17759935557842255 0.014321950264275074 0.06372633576393127
11 0.563642144203186 0.7891535758972168 0.01574098877608776 0.0675545409321785
11 0.8099641799926758 0.15318946540355682 0.015371711924672127 0.06758418679237366
5 0.6374621391296387 0.5960510969161987 0.028110874816775322 0.07978823781013489
11 0.45017021894454956 0.10454148799180984 0.015532963909208775 0.06902679800987244
8 0.07771899551153183 0.7618212699890137 0.00984698161482811 0.13206034898757935
11 0.8373667001724243 0.5741994380950928 0.01450387667864561 0.05933215841650963
11 0.6199814677238464 0.20158371329307556 0.014866787008941174 0.057200029492378235
5 0.19325140118598938 0.5991657972335815 0.026332803070545197 0.08278767019510269
5 0.7213008403778076 0.37558895349502563 0.026206595823168755 0.10755094140768051
5 0.29499706625938416 0.8897631764411926 0.02764109894633293 0.10510069876909256
11 0.5872255563735962 0.7883833646774292 0.014706620015203953 0.06457057595252991
11 0.8364517092704773 0.15135803818702698 0.014465685933828354 0.06495591253042221
11 0.9436125755310059 0.9323630332946777 0.014161664992570877 0.0626559630036354
11 0.3568406105041504 0.14637093245983124 0.01601589284837246 0.05598469078540802
11 0.7828669548034668 0.049455612897872925 0.015549466013908386 0.05893740430474281
11 0.1542264074087143 0.7959227561950684 0.016205234453082085 0.06990344822406769
5 0.21638166904449463 0.5969009399414062 0.02632557787001133 0.07946646958589554
11 0.9703209400177002 0.08056147396564484 0.014933975413441658 0.06357237696647644
11 0.3567277789115906 0.6528518199920654 0.016251571476459503 0.06682194024324417
5 0.6095513105392456 0.601072371006012 0.037230219691991806 0.08354385197162628
11 0.7835512161254883 0.6525387763977051 0.015405000187456608 0.06367068737745285
5 0.8436785936355591 0.2758154273033142 0.030574629083275795 0.09950592368841171
11 0.8900195956230164 0.10577616095542908 0.015974849462509155 0.06505317240953445
11 0.4032519459724426 0.648798406124115 0.01650514081120491 0.060842983424663544
11 0.915610134601593 0.05520995706319809 0.016158638522028923 0.06781121343374252
5 0.9357423782348633 0.6595230102539062 0.030108602717518806 0.09123138338327408
11 0.15437351167201996 0.14579641819000244 0.017015499994158745 0.06037973240017891
11 0.4958987534046173 0.26781973242759705 0.015123186632990837 0.06848783046007156
8 0.11701992899179459 0.8079285025596619 0.009715517051517963 0.12699757516384125
8 0.08723754435777664 0.27002790570259094 0.009645270183682442 0.122889444231987
11 0.4264087677001953 0.7212987542152405 0.014797995798289776 0.06504889577627182
5 0.7217004299163818 0.8904708027839661 0.02723139338195324 0.10327237099409103
11 0.863422691822052 0.7203412055969238 0.015637919306755066 0.06789366900920868
11 0.31224992871284485 0.03003549389541149 0.014516654424369335 0.053330015391111374
11 0.9434285759925842 0.7659149169921875 0.014405899681150913 0.0625557005405426
5 0.8434780240058899 0.8786619901657104 0.02997365966439247 0.11252886056900024
11 0.4958443343639374 0.9339216947555542 0.013718411326408386 0.061641715466976166
11 0.5187786221504211 0.8139433860778809 0.015472895465791225 0.06521416455507278
5 0.5100873708724976 0.6572922468185425 0.03198044002056122 0.08384767174720764
11 0.35627150535583496 0.0531109943985939 0.015933169052004814 0.05963825061917305
5 0.7908387184143066 0.9288164377212524 0.03022289276123047 0.09924938529729843
11 0.7834330201148987 0.8105244636535645 0.015888895839452744 0.07106062769889832
11 0.24487775564193726 0.6722615361213684 0.01598578877747059 0.06500635296106339
5 0.8167014122009277 0.27238836884498596 0.030874500051140785 0.10405605286359787
11 0.7391260862350464 0.7481430172920227 0.015361386351287365 0.06641140580177307
8 0.09733410179615021 0.20121297240257263 0.009383483789861202 0.12519322335720062
5 0.7906955480575562 0.2765320837497711 0.03047962300479412 0.10052968561649323
5 0.4095061421394348 0.8762761354446411 0.027210835367441177 0.11316747218370438
11 0.6675506234169006 0.2952093183994293 0.014271947555243969 0.06305147707462311
5 0.5142331719398499 0.6597796082496643 0.024763677269220352 0.07845868170261383
5 0.3625921905040741 0.9252530336380005 0.026594307273626328 0.1009465754032135
5 0.3861427307128906 0.9022961258888245 0.027031242847442627 0.11169108003377914
11 0.4266958236694336 0.07727532088756561 0.013707331381738186 0.057873841375112534
11 0.15339592099189758 0.05716340243816376 0.014705476351082325 0.0632280483841896
5 0.6977925896644592 0.9168888330459595 0.02977284975349903 0.10186358541250229
8 0.09726918488740921 0.790086567401886 0.009075425565242767 0.1365566849708557
11 0.836843729019165 0.6507829427719116 0.017852818593382835 0.06259030848741531
5 0.4942755699157715 0.649267315864563 0.03434848412871361 0.0806557685136795
11 0.31276488304138184 0.20224730670452118 0.014902880415320396 0.06473421305418015
11 0.153972789645195 0.9628381133079529 0.013514183461666107 0.058380838483572006
5 0.27267345786094666 0.9121664762496948 0.026387980207800865 0.10316381603479385
5 0.5813456177711487 0.5944185256958008 0.027820385992527008 0.07993566989898682
0 0.7609296441078186 0.54287189245224 0.005876914598047733 0.7631875872612
11 0.40328696370124817 0.5736401081085205 0.015822958201169968 0.05943236127495766
11 0.2680422067642212 0.7473265528678894 0.014779607765376568 0.07332947105169296
11 0.9432175755500793 0.10845101624727249 0.01614232547581196 0.07352415472269058
5 0.9090690016746521 0.6303841471672058 0.029717260971665382 0.08384262770414352
11 0.2893826961517334 0.6760472059249878 0.014330955222249031 0.05032212287187576
11 0.6679226756095886 0.837213933467865 0.014430983923375607 0.061347976326942444
11 0.3126678466796875 0.7474187016487122 0.014929566532373428 0.07184181362390518
11 0.49629440903663635 0.7649134397506714 0.014713739976286888 0.06157024949789047
11 0.5190481543540955 0.1294931322336197 0.016417868435382843 0.06793670356273651
5 0.6265941262245178 0.30140769481658936 0.02753220684826374 0.09448538720607758
5 0.9235063791275024 0.2343931943178177 0.03162672370672226 0.0937461331486702
8 0.10692443698644638 0.8816472887992859 0.010031312704086304 0.1479365974664688
5 0.17061369121074677 0.5976579785346985 0.026219185441732407 0.08718332648277283
11 0.19941146671772003 0.7135096192359924 0.014314394444227219 0.06542222201824188
5 0.9510894417762756 0.2332577109336853 0.03118021786212921 0.09807475656270981
11 0.6915366649627686 0.7476983070373535 0.014055531471967697 0.06938114762306213
8 0.09620299190282822 0.19127941131591797 0.008486438542604446 0.11074033379554749
5 0.8972877264022827 0.23978742957115173 0.03293267637491226 0.09702309966087341
11 0.472647100687027 0.8203514814376831 0.014335976913571358 0.06406783312559128
11 0.4498061537742615 0.7416673302650452 0.013546080328524113 0.06539229303598404
11 0.7152513265609741 0.6737968325614929 0.01524813286960125 0.05468779802322388
5 0.4669957160949707 0.6290875673294067 0.026408962905406952 0.07602444291114807
11 0.5633395910263062 0.9584817290306091 0.01393544115126133 0.06044791638851166
5 0.2501050531864166 0.9368802309036255 0.027899643406271935 0.10439062118530273
14 0.5904968976974487 0.32750192284584045 0.020446989685297012 0.12114672362804413
11 0.8631100058555603 0.12858779728412628 0.015848960727453232 0.06722982227802277
5 0.6009674072265625 0.5965927243232727 0.021316522732377052 0.08231758326292038
11 0.3571871519088745 0.809779942035675 0.01636362262070179 0.06973977386951447
5 0.6735933423042297 0.9327442049980164 0.02865809202194214 0.1064290776848793
11 0.6198970079421997 0.7098226547241211 0.015424567274749279 0.06674105674028397
0 0.3336332440376282 0.5410971641540527 0.006973166484385729 0.7669093608856201
8 0.07853051275014877 0.17670582234859467 0.009220156818628311 0.12595821917057037
11 0.9699344038963318 0.8101983666419983 0.015639428049325943 0.07329267263412476
11 0.587421178817749 0.12950348854064941 0.014269260689616203 0.06604484468698502
11 0.5190486907958984 0.2512211203575134 0.015201408416032791 0.07476738840341568
11 0.7833821773529053 0.13170228898525238 0.01540603768080473 0.06364341825246811
5 0.2731132507324219 0.8894033432006836 0.025120528414845467 0.13819538056850433
8 0.09265193343162537 0.8191759586334229 0.008525455370545387 0.17144787311553955
11 0.2897932827472687 0.6164053082466125 0.017101537436246872 0.05563662573695183
0 0.5396025776863098 0.5471789240837097 0.006213468499481678 0.7600213885307312
0 0.021197883412241936 0.5582066178321838 0.007286719977855682 0.737992525100708
11 0.7158350944519043 0.6186769008636475 0.016963955014944077 0.05489253252744675
5 0.48953044414520264 0.6399016976356506 0.02474038489162922 0.07796115428209305
0 0.9919498562812805 0.5374064445495605 0.006059572100639343 0.7419560551643372
