18 0.03624045476317406 0.49882033467292786 0.02296392433345318 0.23336675763130188
1 0.03691311180591583 0.7986103892326355 0.025204584002494812 0.11743100732564926
11 0.10208673775196075 0.8514624238014221 0.012613300234079361 0.040238406509160995
20 0.6820916533470154 0.9279965162277222 0.016119591891765594 0.04939616471529007
20 0.6821166276931763 0.8243837952613831 0.016180681064724922 0.05122055485844612
11 0.18907856941223145 0.8553386330604553 0.012766887433826923 0.03940242528915405
11 0.14560185372829437 0.8540241122245789 0.013604829087853432 0.04106978327035904
11 0.3622824251651764 0.8398538827896118 0.013910085894167423 0.0419178232550621
11 0.23223185539245605 0.8539289832115173 0.012787395156919956 0.0403483621776104
11 0.40703335404396057 0.8371595740318298 0.01346102636307478 0.0421748161315918
0 0.6641619801521301 0.6521733403205872 0.005244780331850052 0.44254595041275024
0 0.814204216003418 0.6464139223098755 0.0058174338191747665 0.4513295888900757
11 0.6154331564903259 0.8964648842811584 0.012889515608549118 0.04071700572967529
9 0.8320932388305664 0.5189272165298462 0.011511600576341152 0.057245634496212006
9 0.46738362312316895 0.5242990851402283 0.01288772001862526 0.03839682415127754
11 0.5632719993591309 0.893761157989502 0.014290930703282356 0.045320719480514526
8 0.07206551730632782 0.49933549761772156 0.008698482066392899 0.07414327561855316
8 0.05554594472050667 0.48014453053474426 0.00642297463491559 0.08354837447404861
8 0.05506986752152443 0.8168923854827881 0.007182595785707235 0.08382062613964081
11 0.9889788627624512 0.444972425699234 0.012369683012366295 0.028822926804423332
9 0.46592313051223755 0.8946622014045715 0.012709836475551128 0.04431527853012085
20 0.46642664074897766 0.6290144920349121 0.013230974785983562 0.037475746124982834
20 0.292095422744751 0.939017117023468 0.013270087540149689 0.046327270567417145
9 0.8327161073684692 0.5589147210121155 0.012384044006466866 0.09447576105594635
0 0.2714855670928955 0.6545692682266235 0.006931488402187824 0.4502531886100769
20 0.29107362031936646 0.9424733519554138 0.01718669943511486 0.04842245951294899
9 0.29156288504600525 0.5138030648231506 0.014171933755278587 0.03767651692032814
8 0.06264655292034149 0.43882229924201965 0.007405279204249382 0.08436393737792969
9 0.29284748435020447 0.834187388420105 0.013078304938971996 0.04435103386640549
8 0.07135459780693054 0.8368874192237854 0.007819388061761856 0.07638734579086304
0 0.02009713649749756 0.44843101501464844 0.004661757033318281 0.8384658694267273
9 0.6818481087684631 0.5255338549613953 0.012014188803732395 0.031605686992406845
0 0.44640645384788513 0.647847056388855 0.006992523558437824 0.4532070755958557
0 0.020104847848415375 0.4661678671836853 0.006549071986228228 0.915658175945282
8 0.06296532601118088 0.7755808234214783 0.007401920389384031 0.08129242807626724
6 0.9339718222618103 0.4933413565158844 0.009847440756857395 0.09564018249511719
