5 0.5464559197425842 0.9075575470924377 0.031259335577487946 0.10829334706068039
5 0.1287144422531128 0.9080421328544617 0.0298908781260252 0.10445353388786316
5 0.9537738561630249 0.3918300271034241 0.025088490918278694 0.08841574937105179
8 0.06691880524158478 0.2528887689113617 0.009898952208459377 0.13320448994636536
5 0.43820518255233765 0.8946969509124756 0.025857359170913696 0.08833770453929901
11 0.7345274090766907 0.03426309674978256 0.015297121368348598 0.055752210319042206
5 0.4599406123161316 0.9047890901565552 0.024018099531531334 0.08621305227279663
5 0.48064136505126953 0.9085326790809631 0.024891875684261322 0.08411630243062973
11 0.685639500617981 0.0347372330725193 0.016019737347960472 0.06268259882926941
5 0.9541763663291931 0.9068204760551453 0.026249313727021217 0.08927151560783386
11 0.47603151202201843 0.28138279914855957 0.015627121552824974 0.06738269329071045
11 0.1468961387872696 0.7199563384056091 0.015204142779111862 0.07042441517114639
11 0.9279046058654785 0.7188150882720947 0.014514720998704433 0.06850388646125793
5 0.8693918585777283 0.4120282232761383 0.025416556745767593 0.08622744679450989
11 0.5661734938621521 0.7145560383796692 0.016157837584614754 0.07127866894006729
11 0.9487695097923279 0.2772440016269684 0.01477885339409113 0.0655164048075676
1 0.04146211966872215 0.77769535779953 0.028701066970825195 0.19440558552742004
14 0.7399031519889832 0.2317795306444168 0.026129553094506264 0.10664596408605576
11 0.9702515006065369 0.7946410179138184 0.01595674455165863 0.0723298043012619
11 0.7779175639152527 0.08869875967502594 0.015999792143702507 0.07270918786525726
14 0.7188338041305542 0.23229454457759857 0.023714598268270493 0.10473514348268509
5 0.2459837943315506 0.6701264977455139 0.028514498844742775 0.09686267375946045
11 0.496844083070755 0.7912803292274475 0.015393024310469627 0.07241803407669067
18 0.0418628565967083 0.28296035528182983 0.028844226151704788 0.35492458939552307
11 0.8640807271003723 0.1560937613248825 0.015176041051745415 0.06675254553556442
11 0.8219960927963257 0.11173836141824722 0.015972115099430084 0.0710517168045044
5 0.9326741695404053 0.8963426947593689 0.023480217903852463 0.08828361332416534
11 0.8225619792938232 0.8339338898658752 0.01616627722978592 0.07214231044054031
11 0.17195166647434235 0.6473833918571472 0.01569177582859993 0.05775926634669304
11 0.12213700264692307 0.20333993434906006 0.016043193638324738 0.06830879300832748
11 0.5383339524269104 0.2776132822036743 0.014618686400353909 0.06523620337247849
11 0.4334249496459961 0.6698175072669983 0.01563301496207714 0.06598968803882599
11 0.370638370513916 0.7434026002883911 0.015601778402924538 0.06694523245096207
11 0.4341331422328949 0.28291913866996765 0.01614600233733654 0.06596110016107559
5 0.91197669506073 0.8944509625434875 0.026320980861783028 0.0894918441772461
11 0.8643171191215515 0.2785336971282959 0.014529620297253132 0.06487860530614853
5 0.6783255934715271 0.6655002236366272 0.030620552599430084 0.09913165867328644
11 0.4552207887172699 0.7209094762802124 0.015138039365410805 0.07202623784542084
5 0.39616110920906067 0.4347282350063324 0.02499242313206196 0.10340169072151184
11 0.906514585018158 0.32421639561653137 0.015128702856600285 0.06788534671068192
11 0.6588762402534485 0.10917189717292786 0.016231343150138855 0.07688938826322556
11 0.391463041305542 0.3345584273338318 0.01627245917916298 0.0675535649061203
5 0.35457643866539 0.9433728456497192 0.025177957490086555 0.10192229598760605
11 0.5929082036018372 0.20618854463100433 0.015613353811204433 0.07376150786876678
11 0.4338696599006653 0.16353994607925415 0.016871163621544838 0.07250620424747467
11 0.12214931100606918 0.3232156038284302 0.014977977611124516 0.06460227072238922
11 0.8438848257064819 0.742850124835968 0.016194945201277733 0.06878572702407837
11 0.22751305997371674 0.11270466446876526 0.01660608872771263 0.07104367762804031
11 0.6314521431922913 0.2058638036251068 0.016206685453653336 0.07309617847204208
11 0.9064598083496094 0.6678916215896606 0.01559142954647541 0.06404440104961395
11 0.3916294276714325 0.20684300363063812 0.01601259410381317 0.06862300634384155
11 0.5379740595817566 0.16001524031162262 0.014801579527556896 0.06744329631328583
11 0.8858681917190552 0.30228227376937866 0.013098913244903088 0.06089242547750473
8 0.07767600566148758 0.7307743430137634 0.00973293837159872 0.13627831637859344
11 0.5931549668312073 0.6444582939147949 0.01627071388065815 0.05874740704894066
11 0.17100657522678375 0.20829150080680847 0.014797041192650795 0.06925790756940842
11 0.432894229888916 0.7683420777320862 0.01495316531509161 0.06820037215948105
11 0.8640410900115967 0.6159188747406006 0.016839196905493736 0.06162199750542641
11 0.20339611172676086 0.20828139781951904 0.014183377847075462 0.06971172243356705
11 0.612221360206604 0.22583159804344177 0.014209097251296043 0.07131262123584747
5 0.826835572719574 0.9432100057601929 0.02279089018702507 0.10538972169160843
11 0.885919451713562 0.17998282611370087 0.014873906970024109 0.0642615556716919
11 0.9065053462982178 0.20625437796115875 0.01583387330174446 0.07049150764942169
11 0.3491482436656952 0.832332968711853 0.015437274239957333 0.06440485268831253
11 0.276632696390152 0.20705750584602356 0.014806954190135002 0.06925943493843079
11 0.864357590675354 0.6742486953735352 0.016791952773928642 0.05727074667811394
11 0.227466881275177 0.8604792356491089 0.01618497259914875 0.07301460951566696
11 0.906644344329834 0.7668344974517822 0.014947460032999516 0.06787833571434021
11 0.948754608631134 0.7444643378257751 0.014545651152729988 0.06468372792005539
11 0.30827775597572327 0.20933744311332703 0.01395055279135704 0.06970992684364319
11 0.4759633243083954 0.18234778940677643 0.015277649275958538 0.06535756587982178
8 0.06715139746665955 0.8062788248062134 0.009686319157481194 0.13476325571537018
11 0.12177809327840805 0.8126839399337769 0.014986948110163212 0.06733673810958862
11 0.39190900325775146 0.6189507246017456 0.015822792425751686 0.060061026364564896
11 0.3915786147117615 0.6773641705513 0.015957169234752655 0.055546268820762634
11 0.6865898966789246 0.7636690735816956 0.014630662277340889 0.06533350050449371
11 0.2274365872144699 0.25671884417533875 0.01560505572706461 0.07187823206186295
11 0.4755091667175293 0.7428649663925171 0.015655789524316788 0.06723622232675552
0 0.5183427929878235 0.5245843529701233 0.006149580702185631 0.7250500321388245
11 0.7140514850616455 0.05613192915916443 0.014152235351502895 0.06557495146989822
11 0.41259217262268066 0.18336418271064758 0.0153114078566432 0.06662692129611969
11 0.6587426066398621 0.8563640117645264 0.016245583072304726 0.07013200968503952
11 0.41229647397994995 0.3066602051258087 0.014047138392925262 0.06920463591814041
11 0.27753743529319763 0.6550616025924683 0.01648569293320179 0.07210680097341537
5 0.616641104221344 0.3404352068901062 0.02185841277241707 0.09327778220176697
11 0.7143569588661194 0.6522620320320129 0.01612035371363163 0.06880288571119308
11 0.9695621728897095 0.257847398519516 0.015419616363942623 0.06961614638566971
11 0.17157217860221863 0.5909962058067322 0.016385983675718307 0.058263637125492096
11 0.2521507740020752 0.7618570327758789 0.014990625903010368 0.07053051888942719
11 0.29213711619377136 0.22936756908893585 0.014734084717929363 0.06905665993690491
11 0.7554616928100586 0.056801676750183105 0.014797430485486984 0.06278707087039948
11 0.5383576154708862 0.8146143555641174 0.015291794203221798 0.0649450272321701
5 0.6669937968254089 0.23949186503887177 0.032043810933828354 0.10329382121562958
11 0.7138821482658386 0.6916847229003906 0.01516283955425024 0.06253176182508469
8 0.08829045295715332 0.27867060899734497 0.009929110296070576 0.11545412987470627
11 0.593262255191803 0.5873484015464783 0.016573414206504822 0.0566532127559185
14 0.1736592948436737 0.3370843529701233 0.01872892864048481 0.09495324641466141
0 0.3294524848461151 0.5147459506988525 0.006095618009567261 0.71247398853302
11 0.3495185077190399 0.27949032187461853 0.015673398971557617 0.0678027868270874
11 0.34923306107521057 0.1833154410123825 0.015192308463156223 0.06406223028898239
14 0.5969685912132263 0.33270537853240967 0.023198498412966728 0.10339943319559097
11 0.18726743757724762 0.23012593388557434 0.014352891594171524 0.0685163140296936
8 0.0889899954199791 0.8423657417297363 0.008670516312122345 0.11842162162065506
5 0.5968799591064453 0.33650827407836914 0.023208022117614746 0.09775688499212265
8 0.07855623215436935 0.17756693065166473 0.008509635925292969 0.13042554259300232
5 0.29472655057907104 0.34243419766426086 0.019299840554594994 0.09205503016710281
11 0.27710893750190735 0.7006672024726868 0.0154100451618433 0.0617765448987484
0 0.9923774003982544 0.5381298065185547 0.0054288990795612335 0.736763060092926
11 0.9060608148574829 0.6839132905006409 0.01674838550388813 0.07292021065950394
5 0.18992207944393158 0.34335169196128845 0.01841580867767334 0.09701448678970337
5 0.459593266248703 0.8860017657279968 0.025185760110616684 0.10361115634441376
14 0.2791190445423126 0.3400276303291321 0.019308893010020256 0.09212624281644821
0 0.02100778929889202 0.5469804406166077 0.006814718712121248 0.6889129281044006
0 0.024523552507162094 0.524865448474884 0.004378539975732565 0.720758318901062
