18 0.035881731659173965 0.5126838684082031 0.023187587037682533 0.23455141484737396
1 0.0365765281021595 0.7876218557357788 0.02351693995296955 0.11878335475921631
6 0.5447136163711548 0.5366346836090088 0.011584440246224403 0.12018593400716782
5 0.8654208779335022 0.7711217999458313 0.03757154569029808 0.07117678970098495
5 0.9309969544410706 0.7661541700363159 0.036296334117650986 0.06889557093381882
11 0.27717816829681396 0.8597704172134399 0.013186640106141567 0.04552553594112396
5 0.2608772814273834 0.7890716791152954 0.0458214096724987 0.07630240172147751
5 0.8984339237213135 0.7692539095878601 0.0359121710062027 0.06852534413337708
11 0.3187449872493744 0.5700480937957764 0.013494971208274364 0.03847024589776993
11 0.4220639169216156 0.8199698328971863 0.012034234590828419 0.04546171426773071
11 0.3608340919017792 0.921669065952301 0.012366663664579391 0.0378585010766983
11 0.2355402708053589 0.6185857653617859 0.012599380686879158 0.038033682852983475
11 0.7391455769538879 0.6600672006607056 0.012229334563016891 0.04136630892753601
11 0.318970263004303 0.8601139783859253 0.01403389684855938 0.04481104761362076
5 0.3028612434864044 0.7785016894340515 0.04456281661987305 0.07264966517686844
11 0.46003714203834534 0.9208580851554871 0.01376552227884531 0.03977179154753685
11 0.57247394323349 0.9210541248321533 0.014088459312915802 0.040945060551166534
11 0.16843940317630768 0.6199715733528137 0.012438347563147545 0.035397231578826904
11 0.23549824953079224 0.8610248565673828 0.012807264924049377 0.039927270263433456
5 0.9308013916015625 0.49607232213020325 0.034178491681814194 0.06158243864774704
11 0.10150039941072464 0.618165135383606 0.012466362677514553 0.03733798861503601
11 0.23561789095401764 0.9664457440376282 0.011820611543953419 0.038322366774082184
8 0.05632639303803444 0.4916144013404846 0.006639841012656689 0.08469918370246887
11 0.1681251972913742 0.9663228392601013 0.012924344278872013 0.037972647696733475
5 0.3438245952129364 0.7666717767715454 0.04180421307682991 0.07099957019090652
11 0.9106632471084595 0.631256639957428 0.012120646424591541 0.03520480915904045
11 0.42259687185287476 0.92008376121521 0.013730326667428017 0.04145079478621483
11 0.4601954519748688 0.677614152431488 0.014100072905421257 0.03918703272938728
11 0.36103829741477966 0.8176018595695496 0.01204481441527605 0.04040784388780594
11 0.572182297706604 0.8175287842750549 0.013910956680774689 0.04342399910092354
11 0.5728981494903564 0.6758855581283569 0.01433374173939228 0.040261946618556976
5 0.3445775508880615 0.5072822570800781 0.04285304248332977 0.06673241406679153
6 0.5443594455718994 0.7711181640625 0.012355322018265724 0.11672261357307434
11 0.42219629883766174 0.5837734341621399 0.012892344035208225 0.04506182670593262
11 0.7448868751525879 0.5754485130310059 0.017913818359375 0.05283170938491821
11 0.7919297218322754 0.6344714760780334 0.01281983032822609 0.03964998945593834
11 0.9106069803237915 0.8472591042518616 0.013295709155499935 0.044158559292554855
11 0.6474494338035583 0.5833708047866821 0.013623242266476154 0.043850868940353394
11 0.7389959096908569 0.8476092219352722 0.013138062320649624 0.04073973372578621
11 0.10148940235376358 0.8596487045288086 0.011750171892344952 0.04089178889989853
11 0.6471827030181885 0.8175991177558899 0.013851172290742397 0.04534869268536568
11 0.6475216746330261 0.6776690483093262 0.014024322852492332 0.03958333283662796
11 0.7920977473258972 0.8465855717658997 0.012175262905657291 0.042124003171920776
11 0.3188961148262024 0.626433789730072 0.014155777171254158 0.0447503887116909
11 0.1685103178024292 0.8614460229873657 0.012400839477777481 0.04082437977194786
6 0.4321520924568176 0.7733938097953796 0.010227957740426064 0.11397282034158707
11 0.844260036945343 0.5683420300483704 0.014005283825099468 0.041777655482292175
11 0.5348793864250183 0.5842423439025879 0.013140890747308731 0.04620955511927605
11 0.9107180833816528 0.5686174631118774 0.01183793693780899 0.037381354719400406
11 0.8016951680183411 0.569261372089386 0.011911592446267605 0.04312819242477417
11 0.7936682105064392 0.581908106803894 0.015606504864990711 0.048469677567481995
11 0.36134883761405945 0.6785353422164917 0.012179587036371231 0.0391179658472538
11 0.9440368413925171 0.831331193447113 0.011933515779674053 0.04388781264424324
11 0.7396576404571533 0.9524493217468262 0.012737090699374676 0.041994865983724594
11 0.5346545577049255 0.8158462047576904 0.013697986491024494 0.04716866463422775
6 0.4320017397403717 0.53526771068573 0.011538799852132797 0.11853289604187012
11 0.4601679742336273 0.5823616981506348 0.01398123987019062 0.04557414725422859
11 0.45987141132354736 0.815483033657074 0.013661539182066917 0.04115290194749832
11 0.9433432817459106 0.9341276288032532 0.013117553666234016 0.044755153357982635
11 0.23515141010284424 0.548004686832428 0.013232226483523846 0.04126463830471039
8 0.05572904646396637 0.8178615570068359 0.007117388769984245 0.08009643852710724
11 0.42256757616996765 0.6701825261116028 0.01437666267156601 0.047859109938144684
8 0.06224285811185837 0.7656530141830444 0.007925274781882763 0.08099997043609619
11 0.16840483248233795 0.5390427708625793 0.012597749009728432 0.04150165617465973
11 0.36114761233329773 0.5832653641700745 0.01294364221394062 0.04105684906244278
11 0.5353209376335144 0.6744520664215088 0.015108213759958744 0.04428860917687416
0 0.7211934328079224 0.661541759967804 0.007374483160674572 0.4458155333995819
11 0.7922148108482361 0.9520923495292664 0.012803456746041775 0.04061204195022583
11 0.8440287709236145 0.6335934400558472 0.014446401037275791 0.04080333933234215
11 0.3609488606452942 0.6471575498580933 0.012809277512133121 0.0367293506860733
11 0.10139387100934982 0.965552806854248 0.012374116107821465 0.040584951639175415
11 0.8443654775619507 0.9511333107948303 0.013777734711766243 0.043225955218076706
11 0.9429857730865479 0.6235531568527222 0.012684214860200882 0.03589830920100212
8 0.07235163450241089 0.5073899626731873 0.008726000785827637 0.08209811896085739
11 0.8776827454566956 0.8483936786651611 0.013029483146965504 0.046311333775520325
11 0.5728817582130432 0.5850926041603088 0.01349905040115118 0.04643876105546951
11 0.5730635523796082 0.6311643123626709 0.013887782581150532 0.032235290855169296
11 0.42289498448371887 0.6272543668746948 0.01395969744771719 0.030001778155565262
11 0.23507554829120636 0.5383113622665405 0.013552552089095116 0.04125146567821503
0 0.9896224737167358 0.6592761874198914 0.00531658623367548 0.4132579565048218
5 0.3047139346599579 0.76749587059021 0.04401208832859993 0.06786349415779114
8 0.06252989172935486 0.4392675459384918 0.008751031011343002 0.08247938007116318
11 0.6471337676048279 0.9492318034172058 0.014136928133666515 0.04525810480117798
11 0.16820727288722992 0.5675504207611084 0.012497193180024624 0.03268587961792946
11 0.9107439517974854 0.6374610662460327 0.012198599055409431 0.03590451925992966
11 0.2353224903345108 0.5635867714881897 0.013047815300524235 0.036836378276348114
11 0.4602101445198059 0.649544894695282 0.013491054065525532 0.041614681482315063
8 0.0713682770729065 0.8231479525566101 0.007629666477441788 0.0858379676938057
11 0.16799521446228027 0.5455993413925171 0.013216436840593815 0.03864847868680954
11 0.5355154871940613 0.6322985887527466 0.014726173132658005 0.03391295298933983
11 0.5353228449821472 0.6463803052902222 0.014466691762208939 0.038179900497198105
11 0.843510091304779 0.844321608543396 0.014079646207392216 0.047121550887823105
11 0.31943264603614807 0.6487497687339783 0.01551331952214241 0.041364703327417374
11 0.911113977432251 0.5609661936759949 0.012442032806575298 0.04008831828832626
0 0.01945105381309986 0.4291689991950989 0.005970008205622435 0.8583379983901978
11 0.570888340473175 0.5972815752029419 0.013935109600424767 0.040482424199581146
0 0.01973898708820343 0.6650968790054321 0.0041696783155202866 0.4022742509841919
11 0.1013176217675209 0.5408108234405518 0.012087292969226837 0.042449094355106354
