18 0.0421844944357872 0.3241877257823944 0.027855582535266876 0.3477907180786133
5 0.3786192536354065 0.648305356502533 0.03234158456325531 0.11791824549436569
18 0.04260062798857689 0.737476110458374 0.02690674178302288 0.3599400222301483
5 0.26786673069000244 0.34199538826942444 0.03266243636608124 0.11374665796756744
5 0.4908061921596527 0.7054052352905273 0.03273063898086548 0.12212821841239929
5 0.48027873039245605 0.2836266756057739 0.032939981669187546 0.11045976728200912
5 0.4353042542934418 0.5749226808547974 0.03305540606379509 0.09437407553195953
5 0.8394033908843994 0.7569088935852051 0.03121199831366539 0.09698063880205154
11 0.5565422177314758 0.22607548534870148 0.015473649837076664 0.06483116000890732
5 0.5477388501167297 0.6334022283554077 0.03275280073285103 0.08772529661655426
11 0.7514777779579163 0.2285694032907486 0.014979097992181778 0.06639371067285538
5 0.7342075705528259 0.347554087638855 0.029692083597183228 0.1066768616437912
11 0.9141649007797241 0.22791974246501923 0.015236864797770977 0.06549399346113205
5 0.2957010269165039 0.37710851430892944 0.03007526695728302 0.10220736265182495
5 0.508833110332489 0.30059152841567993 0.03276557847857475 0.10610409080982208
5 0.19767549633979797 0.6328686475753784 0.03261324763298035 0.09654829651117325
11 0.47185462713241577 0.15514148771762848 0.015453611500561237 0.07060834020376205
11 0.7769637703895569 0.27169984579086304 0.015204614028334618 0.06724519282579422
6 0.2699142396450043 0.8082553148269653 0.013219120912253857 0.17185722291469574
11 0.6764314770698547 0.82664555311203 0.014824682846665382 0.06604895740747452
7 0.23195713758468628 0.31853893399238586 0.014116967096924782 0.11871989071369171
11 0.15162156522274017 0.8257120251655579 0.015431863255798817 0.07026918232440948
11 0.6265100240707397 0.8282802700996399 0.015127760358154774 0.06870763748884201
11 0.9141607880592346 0.8963602185249329 0.015592467039823532 0.06380275636911392
11 0.8721672296524048 0.20353716611862183 0.01561396662145853 0.06497358530759811
5 0.14361397922039032 0.7072697281837463 0.03169018775224686 0.10778513550758362
11 0.5565725564956665 0.7323958873748779 0.015494631603360176 0.06298631429672241
11 0.20576433837413788 0.7324274182319641 0.016116546466946602 0.06445161998271942
5 0.5362777709960938 0.32341811060905457 0.03211849555373192 0.10785236209630966
11 0.17829620838165283 0.7522226572036743 0.014923048205673695 0.06648558378219604
11 0.9549885392189026 0.27398401498794556 0.014894464053213596 0.06336255371570587
11 0.31465816497802734 0.26943278312683105 0.0157672967761755 0.06956859678030014
5 0.6695256233215332 0.6644985675811768 0.027911949902772903 0.08582417666912079
11 0.6014196276664734 0.9170582890510559 0.01563108153641224 0.07196641713380814
11 0.41582566499710083 0.7058210968971252 0.01568346470594406 0.069156713783741
5 0.4238584339618683 0.2954511046409607 0.03213782608509064 0.09936624765396118
11 0.5281299948692322 0.7742883563041687 0.015791108831763268 0.06943055987358093
11 0.4436154365539551 0.6594668030738831 0.01467361580580473 0.06758155673742294
5 0.7589921951293945 0.37348973751068115 0.02701101452112198 0.10741886496543884
11 0.9551001787185669 0.10836166888475418 0.01687050424516201 0.06799186766147614
11 0.8202342391014099 0.9673064351081848 0.015205085277557373 0.05437051132321358
11 0.28764694929122925 0.2255353331565857 0.015013800002634525 0.06927326321601868
11 0.5278292298316956 0.20114533603191376 0.015260533429682255 0.06751785427331924
11 0.28778332471847534 0.8981800675392151 0.016250958666205406 0.0665641650557518
11 0.6519215703010559 0.15686291456222534 0.01509065367281437 0.05957384407520294
11 0.7261068224906921 0.20394247770309448 0.014904224313795567 0.06885043531656265
11 0.6515268087387085 0.7506182193756104 0.014546547085046768 0.0660945326089859
7 0.23133833706378937 0.7348719239234924 0.016279861330986023 0.11177945882081985
11 0.5000101923942566 0.15585282444953918 0.01528396736830473 0.07138507068157196
11 0.4713521897792816 0.9430678486824036 0.016493400558829308 0.062441106885671616
11 0.3873903155326843 0.7753080725669861 0.01518221851438284 0.07112709432840347
11 0.5002997517585754 0.8488588929176331 0.01568770967423916 0.06749162077903748
8 0.08757335692644119 0.32956811785697937 0.009114483371376991 0.10328477621078491
5 0.40743497014045715 0.6135015487670898 0.034578997641801834 0.11338004469871521
8 0.07751627266407013 0.22453531622886658 0.009467745199799538 0.12746092677116394
11 0.4148998260498047 0.2029775083065033 0.014437112957239151 0.06600777059793472
11 0.25945836305618286 0.20203496515750885 0.015198862180113792 0.06826085597276688
8 0.0669940710067749 0.2901313006877899 0.009631178341805935 0.12646296620368958
11 0.20540133118629456 0.8233134150505066 0.016806840896606445 0.06882710009813309
5 0.619199275970459 0.671663761138916 0.02730824612081051 0.10737097263336182
7 0.20468400418758392 0.31881240010261536 0.01393729168921709 0.1221347376704216
5 0.5194001793861389 0.6756817698478699 0.03416766598820686 0.1125953271985054
11 0.6012392640113831 0.24608585238456726 0.014630237594246864 0.05700382590293884
11 0.6517170667648315 0.24231812357902527 0.015394579619169235 0.06115719676017761
11 0.9560694098472595 0.8970638513565063 0.015138321556150913 0.07397356629371643
11 0.12433568388223648 0.9158438444137573 0.017139857634902 0.07322504371404648
11 0.8719768524169922 0.7590289115905762 0.015173306688666344 0.06529782712459564
11 0.7511916160583496 0.9451600313186646 0.01505929883569479 0.056692395359277725
5 0.6445764303207397 0.6707351803779602 0.029130011796951294 0.08735115081071854
11 0.1783660650253296 0.028519388288259506 0.014670421369373798 0.05284406244754791
11 0.35934123396873474 0.25108033418655396 0.01674124225974083 0.07239443808794022
11 0.8469569087028503 0.8727807402610779 0.014760559424757957 0.0646294578909874
0 0.3356376588344574 0.5281450748443604 0.00683612609282136 0.6249328851699829
11 0.35928604006767273 0.8721579909324646 0.01639002561569214 0.06866437941789627
11 0.6514420509338379 0.0804823562502861 0.014348424971103668 0.05652420222759247
6 0.600861132144928 0.3286706805229187 0.014750092290341854 0.16605350375175476
5 0.39155998826026917 0.6320688724517822 0.042163413017988205 0.12280522286891937
5 0.17080995440483093 0.6754059195518494 0.03156916797161102 0.11595799773931503
8 0.066640205681324 0.7035955786705017 0.009540821425616741 0.13490808010101318
11 0.8203141093254089 0.2505989670753479 0.01592826656997204 0.06718533486127853
8 0.07733156532049179 0.6349887847900391 0.009618854150176048 0.12245893478393555
7 0.15035395324230194 0.31666818261146545 0.01419106312096119 0.1146414503455162
7 0.6997249722480774 0.3106323480606079 0.014218621887266636 0.09647125005722046
0 0.5793420672416687 0.5250381231307983 0.006298054940998554 0.6225399374961853
11 0.17887821793556213 0.08619049936532974 0.015012550167739391 0.048444345593452454
6 0.6260967254638672 0.31714415550231934 0.012718274258077145 0.12196173518896103
5 0.6446655988693237 0.6888911724090576 0.02928353101015091 0.10635943710803986
11 0.25923043489456177 0.9191333055496216 0.01732170209288597 0.061559513211250305
5 0.14692474901676178 0.6950294375419617 0.034506965428590775 0.1188078299164772
11 0.1244216188788414 0.3185316026210785 0.015592196024954319 0.06746188551187515
11 0.44378259778022766 0.1318214237689972 0.016736222431063652 0.07469646632671356
5 0.5480744242668152 0.6604000329971313 0.03042544797062874 0.1110532358288765
