5 0.9627668261528015 0.4773649573326111 0.028631923720240593 0.08624879270792007
11 0.1262223720550537 0.7569132447242737 0.014682105742394924 0.05574766546487808
5 0.734596848487854 0.4857906699180603 0.028340157121419907 0.06971465796232224
11 0.6319842338562012 0.5862529277801514 0.01474036555737257 0.05442091450095177
11 0.1574600636959076 0.7551061511039734 0.015296882018446922 0.05945710837841034
1 0.04213568940758705 0.6098588705062866 0.025685546919703484 0.143104687333107
14 0.5908175706863403 0.5485650897026062 0.0187255647033453 0.11864301562309265
5 0.2712302505970001 0.3626251518726349 0.029237503185868263 0.09228304773569107
11 0.7175425887107849 0.6562591195106506 0.01401443313807249 0.04860404506325722
11 0.28879329562187195 0.7567938566207886 0.01491033099591732 0.05784059688448906
11 0.4610922932624817 0.5278773903846741 0.014966968446969986 0.06036645919084549
11 0.23881909251213074 0.7569898962974548 0.016228673979640007 0.06309640407562256
6 0.19263111054897308 0.126569002866745 0.010639813728630543 0.14031746983528137
5 0.7352823615074158 0.03821193799376488 0.027515968307852745 0.07642387598752975
11 0.8360599875450134 0.7156111598014832 0.014340633526444435 0.05764409527182579
11 0.36928725242614746 0.5985567569732666 0.01603996381163597 0.058653682470321655
11 0.9446247220039368 0.6323348879814148 0.014725670218467712 0.05412839725613594
11 0.4607008099555969 0.19303566217422485 0.014845273457467556 0.05766836181282997
11 0.9023531675338745 0.6282489895820618 0.014432347379624844 0.05489763617515564
5 0.9640727043151855 0.03879547864198685 0.026943964883685112 0.07752076536417007
11 0.8618518114089966 0.19587117433547974 0.015195072628557682 0.06075161322951317
5 0.50618577003479 0.09153570979833603 0.031341552734375 0.07969874888658524
5 0.9075202345848083 0.07179349660873413 0.03434927761554718 0.0943782702088356
11 0.3259561061859131 0.8203555345535278 0.015097110532224178 0.05003861337900162
11 0.6576571464538574 0.1903381645679474 0.01536385715007782 0.0579475462436676
11 0.23947766423225403 0.23817159235477448 0.015157502144575119 0.0606372207403183
11 0.9190579652786255 0.3005496561527252 0.01423470675945282 0.05245614051818848
11 0.3859860599040985 0.19469746947288513 0.015313897281885147 0.05684797838330269
18 0.04279555380344391 0.18845754861831665 0.026018686592578888 0.31468987464904785
5 0.33479616045951843 0.34339386224746704 0.030488507822155952 0.07896866649389267
5 0.6791909337043762 0.06721987575292587 0.03629741445183754 0.0924605131149292
11 0.8043531179428101 0.7130407094955444 0.013242537155747414 0.051825329661369324
5 0.9373425245285034 0.05742311850190163 0.0325598418712616 0.09469904005527496
11 0.3859260678291321 0.6741769313812256 0.01459416002035141 0.06268579512834549
11 0.6927255392074585 0.5895028710365295 0.01404269877821207 0.05647837370634079
11 0.23900364339351654 0.17071028053760529 0.014430953189730644 0.05058763921260834
5 0.24648883938789368 0.3509446084499359 0.030093014240264893 0.09347057342529297
11 0.32730579376220703 0.25785204768180847 0.015572438947856426 0.05706622079014778
11 0.9186837673187256 0.16998940706253052 0.014204886741936207 0.052083443850278854
14 0.14001215994358063 0.5839786529541016 0.017810532823204994 0.09223304688930511
5 0.21789002418518066 0.35223129391670227 0.036287788301706314 0.08564944565296173
11 0.8625078797340393 0.6316924691200256 0.015724169090390205 0.055808208882808685
11 0.8872990608215332 0.19219070672988892 0.015494348481297493 0.05817445367574692
11 0.7777373194694519 0.7161471247673035 0.015367290005087852 0.05551593750715256
11 0.8617126941680908 0.2947891652584076 0.014537040144205093 0.05796315521001816
11 0.5772342681884766 0.7343968749046326 0.014905933290719986 0.05625496432185173
5 0.4794526994228363 0.09253852069377899 0.030295373871922493 0.08006101846694946
14 0.8171785473823547 0.5480205416679382 0.020782094448804855 0.12181764096021652
11 0.944766640663147 0.2995533347129822 0.014667102135717869 0.053437165915966034
11 0.6574391722679138 0.3167411983013153 0.016954418271780014 0.05792484059929848
11 0.8875980973243713 0.3002653121948242 0.015082763507962227 0.055099427700042725
11 0.3532482087612152 0.19365260004997253 0.015116901136934757 0.05776285007596016
5 0.3937150537967682 0.771723747253418 0.03014136478304863 0.08594539016485214
11 0.9188985228538513 0.7149900197982788 0.015145836398005486 0.05813366174697876
11 0.48751193284988403 0.594075083732605 0.015015989542007446 0.05719299986958504
11 0.10150331258773804 0.7567452788352966 0.015560653060674667 0.06019485369324684
5 0.7097743153572083 0.052676424384117126 0.030470112338662148 0.08797115832567215
5 0.6260002255439758 0.49004894495010376 0.02912578359246254 0.07661933451890945
11 0.48715707659721375 0.17158350348472595 0.014328941702842712 0.055667150765657425
11 0.716769278049469 0.25633400678634644 0.013863561674952507 0.05603629723191261
11 0.6764649748802185 0.6526812314987183 0.013747766613960266 0.052712053060531616
8 0.06335596740245819 0.6655789613723755 0.008637822233140469 0.10165062546730042
11 0.35288214683532715 0.6738612651824951 0.01442344393581152 0.05823426693677902
11 0.7417561411857605 0.5924462676048279 0.013294829986989498 0.054008714854717255
11 0.46180471777915955 0.6731446981430054 0.014652084559202194 0.05685504153370857
8 0.07238014042377472 0.5861202478408813 0.009829248301684856 0.11834698170423508
11 0.8874950408935547 0.2308252602815628 0.015362892299890518 0.052505385130643845
11 0.9444994330406189 0.22900646924972534 0.014555329456925392 0.04784943908452988
11 0.9183250665664673 0.5642223358154297 0.014793355949223042 0.05832526832818985
5 0.17583413422107697 0.49539121985435486 0.02911725640296936 0.08109661191701889
11 0.6082977056503296 0.7337854504585266 0.014531462453305721 0.057325832545757294
11 0.26411494612693787 0.24098043143749237 0.01541499700397253 0.05733439698815346
6 0.8716980218887329 0.11030838638544083 0.010782627388834953 0.12158463150262833
11 0.9697952270507812 0.7180243134498596 0.014279973693192005 0.056416116654872894
11 0.48777276277542114 0.25526541471481323 0.014859968796372414 0.058452293276786804
11 0.513731062412262 0.8201292753219604 0.01497597899287939 0.05024471506476402
11 0.6076030135154724 0.5943440198898315 0.01481266412883997 0.061031851917505264
11 0.4872162938117981 0.5244004130363464 0.01506956946104765 0.05736267939209938
11 0.20753566920757294 0.23735159635543823 0.015835432335734367 0.05436673015356064
5 0.6642482876777649 0.48656994104385376 0.03782978281378746 0.07330542802810669
5 0.8536295294761658 0.46085333824157715 0.030038468539714813 0.08279024809598923
11 0.7786521911621094 0.24717490375041962 0.01563395746052265 0.03995151445269585
11 0.35338857769966125 0.2572845220565796 0.015245622023940086 0.050736360251903534
11 0.7786787748336792 0.18899357318878174 0.015989119186997414 0.04944245144724846
11 0.41317814588546753 0.26135677099227905 0.015223310329020023 0.05423537641763687
11 0.28851205110549927 0.2581782937049866 0.01429472304880619 0.06061416491866112
11 0.10100934654474258 0.13353443145751953 0.01625015400350094 0.06448093801736832
11 0.8190939426422119 0.6272537708282471 0.015460934489965439 0.06005578115582466
5 0.50410395860672 0.44307953119277954 0.0262676440179348 0.08545927703380585
11 0.778777003288269 0.30891653895378113 0.015865815803408623 0.04575704038143158
11 0.2642820179462433 0.6817489862442017 0.014830979518592358 0.055763013660907745
11 0.20794925093650818 0.1949886679649353 0.015570441260933876 0.05552980676293373
5 0.6543282866477966 0.483232706785202 0.0363229438662529 0.07433176785707474
11 0.5136016011238098 0.1673683077096939 0.015189386904239655 0.05365563556551933
11 0.5136100053787231 0.6717580556869507 0.015114031732082367 0.06056980788707733
11 0.41306859254837036 0.11691173911094666 0.01506956946104765 0.050092365592718124
11 0.20767655968666077 0.2151135504245758 0.015471178106963634 0.05791880190372467
9 0.552830696105957 0.1707448661327362 0.013931676745414734 0.051364921033382416
11 0.8617702722549438 0.5642109513282776 0.015023820102214813 0.05381368100643158
11 0.10211613029241562 0.20075835287570953 0.016790105029940605 0.049528852105140686
11 0.3269941210746765 0.11115843802690506 0.01575879007577896 0.05412832275032997
11 0.6576104760169983 0.25404125452041626 0.015642806887626648 0.04892357811331749
11 0.44461536407470703 0.5908172726631165 0.015662195160984993 0.06203978881239891
11 0.7417922019958496 0.7360981702804565 0.01366447377949953 0.05382450670003891
5 0.11996587365865707 0.6082594990730286 0.03011804074048996 0.09459170699119568
7 0.8346273303031921 0.1986825317144394 0.014217383228242397 0.1114206537604332
11 0.8360956311225891 0.5713984966278076 0.014724114909768105 0.058475103229284286
11 0.14098164439201355 0.6838406920433044 0.014346493408083916 0.05411139503121376
11 0.9442417621612549 0.5648587346076965 0.014741331338882446 0.05069446936249733
11 0.2892756760120392 0.11391527205705643 0.013546371832489967 0.04720473662018776
11 0.6924293041229248 0.7343590259552002 0.015179839916527271 0.05729060620069504
5 0.7951096892356873 0.5636193156242371 0.024783330038189888 0.08869154006242752
11 0.552844226360321 0.7386095523834229 0.016008159145712852 0.05621148273348808
11 0.32647469639778137 0.6748961210250854 0.016245998442173004 0.06008293479681015
11 0.6922336220741272 0.17382442951202393 0.014735056087374687 0.05602889880537987
11 0.23835693299770355 0.6063495874404907 0.015427788719534874 0.057830628007650375
11 0.777926504611969 0.14293542504310608 0.016360104084014893 0.054845865815877914
11 0.2638949453830719 0.6049309372901917 0.014858654700219631 0.052970994263887405
11 0.7174985408782959 0.5858363509178162 0.014406442642211914 0.05214683338999748
14 0.9026048183441162 0.4597233533859253 0.017974263057112694 0.08034846931695938
8 0.07221627980470657 0.11856576055288315 0.009393038228154182 0.12631894648075104
11 0.6923856139183044 0.2556363046169281 0.014551575295627117 0.05532662570476532
5 0.3639368414878845 0.34714338183403015 0.036113396286964417 0.07990633696317673
11 0.5921702980995178 0.6542348861694336 0.016070159152150154 0.05603761225938797
11 0.777062714099884 0.8619378805160522 0.014389440417289734 0.04769279807806015
11 0.26402056217193604 0.19108764827251434 0.014961443841457367 0.051119253039360046
11 0.4610167145729065 0.25880852341651917 0.015085659921169281 0.052714988589286804
11 0.1823265254497528 0.18958371877670288 0.015909701585769653 0.04859471693634987
11 0.9707750082015991 0.8631532788276672 0.015750180929899216 0.05341646447777748
11 0.1824747920036316 0.2412489801645279 0.016180524602532387 0.05087371915578842
11 0.3857390880584717 0.5316154360771179 0.015416418202221394 0.06544864922761917
11 0.14104841649532318 0.6736052632331848 0.015867451205849648 0.060278456658124924
5 0.5696092844009399 0.5680370926856995 0.025501646101474762 0.10247331857681274
11 0.4135909974575043 0.529616117477417 0.017209259793162346 0.05317161977291107
5 0.2058846801519394 0.4905264675617218 0.039809323847293854 0.07449368387460709
11 0.9187581539154053 0.22832995653152466 0.013916015625 0.05119689181447029
11 0.5132949948310852 0.31375038623809814 0.015314674936234951 0.056574881076812744
11 0.7419887185096741 0.24261747300624847 0.015708936378359795 0.0422632209956646
11 0.741905689239502 0.29768165946006775 0.015275523066520691 0.04848145321011543
11 0.6326355338096619 0.6563517451286316 0.015159781090915203 0.05358311906456947
11 0.38612204790115356 0.25861838459968567 0.015263293869793415 0.0536007322371006
11 0.4126737415790558 0.19518548250198364 0.015862274914979935 0.051204077899456024
11 0.18252117931842804 0.6104297041893005 0.015485431998968124 0.062425509095191956
11 0.887181282043457 0.2070010006427765 0.015414058230817318 0.05615570768713951
11 0.22274214029312134 0.6757106781005859 0.01566143147647381 0.05763602256774902
14 0.36881500482559204 0.4915701746940613 0.02226085774600506 0.10846387594938278
11 0.968990683555603 0.2819282114505768 0.014283513650298119 0.04912639036774635
11 0.7421591877937317 0.18358686566352844 0.014769166707992554 0.0475812628865242
11 0.10184700787067413 0.2794935703277588 0.016540098935365677 0.05840315297245979
11 0.5138460397720337 0.24264761805534363 0.016778552904725075 0.04747594892978668
0 0.024428043514490128 0.4056456387042999 0.004135859198868275 0.6434938907623291
5 0.6906494498252869 0.483745813369751 0.018981289118528366 0.07814297825098038
11 0.26445716619491577 0.6300271153450012 0.01538399700075388 0.04982798919081688
11 0.28835001587867737 0.19433817267417908 0.014830872416496277 0.04876991733908653
11 0.3269122242927551 0.19196045398712158 0.016247553750872612 0.04688632860779762
0 0.025211146101355553 0.4077608287334442 0.004397660493850708 0.6481547355651855
5 0.8827579617500305 0.4564966857433319 0.035528574138879776 0.08224844932556152
11 0.7419611811637878 0.20246165990829468 0.01586190052330494 0.050229381769895554
5 0.2819594144821167 0.5155961513519287 0.028876198455691338 0.06359674036502838
0 0.7605271339416504 0.41278308629989624 0.00707970280200243 0.6382735967636108
5 0.6758875846862793 0.4853881299495697 0.016165198758244514 0.07399696111679077
11 0.5518472790718079 0.87895667552948 0.015634331852197647 0.05327121540904045
11 0.7415343523025513 0.14371594786643982 0.014528512954711914 0.05134821683168411
9 0.5534948706626892 0.234319269657135 0.015206335112452507 0.06793644279241562
11 0.4142032265663147 0.5951453447341919 0.017565734684467316 0.060154061764478683
5 0.43286362290382385 0.7644551992416382 0.01875383034348488 0.08394400775432587
11 0.9697877168655396 0.18385890126228333 0.014535914175212383 0.04154680669307709
8 0.0685744434595108 0.6218759417533875 0.00804820004850626 0.132673978805542
11 0.2886413037776947 0.608381986618042 0.014066994190216064 0.05629153922200203
5 0.4195168614387512 0.7673857808113098 0.028671827167272568 0.0921018049120903
11 0.28826504945755005 0.21108628809452057 0.014596842229366302 0.053270358592271805
9 0.5536810159683228 0.3161187469959259 0.016144175082445145 0.05442241206765175
11 0.18304845690727234 0.6744375228881836 0.01584496535360813 0.0590641126036644
11 0.2642528712749481 0.20794610679149628 0.016546962782740593 0.06067027524113655
11 0.9451937675476074 0.15199695527553558 0.014755060896277428 0.06000448390841484
11 0.7172322869300842 0.14675292372703552 0.013954470865428448 0.05860644951462746
11 0.18300949037075043 0.209282785654068 0.01742243953049183 0.05933733284473419
0 0.3085423707962036 0.40887072682380676 0.007591555826365948 0.6628468036651611
5 0.34531939029693604 0.5187003016471863 0.030684111639857292 0.09155716747045517
11 0.5746371746063232 0.7260125875473022 0.014961658045649529 0.05160216614603996
5 0.23687602579593658 0.49556058645248413 0.019897568970918655 0.07460905611515045
11 0.5123559236526489 0.20889540016651154 0.016599630936980247 0.052342262119054794
11 0.7789908647537231 0.26882022619247437 0.014951146207749844 0.045633137226104736
11 0.15690745413303375 0.6136335134506226 0.016187027096748352 0.06553090363740921
