14 0.2507767081260681 0.3539443910121918 0.02814563736319542 0.1318376213312149
1 0.04311715438961983 0.7655057311058044 0.02759735658764839 0.19610239565372467
14 0.7904719114303589 0.33139777183532715 0.030669964849948883 0.12117190659046173
14 0.6829404234886169 0.340605765581131 0.03009454719722271 0.11948592960834503
14 0.3544667065143585 0.3525734841823578 0.028870033100247383 0.13178731501102448
5 0.37805068492889404 0.6827337741851807 0.05600610002875328 0.11708749085664749
14 0.4577007591724396 0.34656238555908203 0.029541194438934326 0.13677747547626495
14 0.174695685505867 0.3666077256202698 0.02891354449093342 0.14359481632709503
14 0.14784415066242218 0.3504024147987366 0.0289154052734375 0.13559356331825256
14 0.3037700355052948 0.3927896320819855 0.029388606548309326 0.14556890726089478
11 0.9172348976135254 0.1704210340976715 0.014814815483987331 0.0755075141787529
11 0.4765317440032959 0.22011001408100128 0.014599690213799477 0.07580847293138504
14 0.7096242308616638 0.3403131365776062 0.03111640363931656 0.12119230628013611
14 0.6025314331054688 0.39801275730133057 0.030794411897659302 0.11941412836313248
11 0.7017815113067627 0.21763727068901062 0.014498159289360046 0.07453728467226028
11 0.6482354998588562 0.17138394713401794 0.014908050186932087 0.07907653599977493
11 0.7558902502059937 0.08836105465888977 0.01371098030358553 0.07331407070159912
14 0.5753933787345886 0.3991227447986603 0.03045654296875 0.12265480309724808
11 0.5286224484443665 0.22234691679477692 0.014695166610181332 0.07936792820692062
14 0.816990315914154 0.33151403069496155 0.03144767880439758 0.11811752617359161
11 0.7288471460342407 0.17046688497066498 0.015550510957837105 0.07468963414430618
14 0.9253309965133667 0.29094767570495605 0.03117259591817856 0.12763309478759766
11 0.32172420620918274 0.22311453521251678 0.014169596135616302 0.07550260424613953
11 0.3472580313682556 0.08938419818878174 0.015092276968061924 0.07915989309549332
5 0.1713091880083084 0.6775473356246948 0.05529159680008888 0.12184334546327591
11 0.21828614175319672 0.22170396149158478 0.01371116004884243 0.07456853240728378
14 0.9520261883735657 0.28542959690093994 0.03088531456887722 0.1381778120994568
14 0.509797990322113 0.37759894132614136 0.029139868915081024 0.14126649498939514
11 0.3733479380607605 0.22315861284732819 0.0140693886205554 0.07640085369348526
11 0.14104574918746948 0.09151829779148102 0.01522149983793497 0.07887604832649231
14 0.898025631904602 0.28873467445373535 0.03228916600346565 0.12756982445716858
14 0.48415085673332214 0.35745880007743835 0.02960774675011635 0.13308197259902954
18 0.043041620403528214 0.2125391960144043 0.02571282908320427 0.4188055098056793
5 0.5992549061775208 0.7324140667915344 0.05840647220611572 0.1234951913356781
14 0.40588316321372986 0.3878136873245239 0.030492419376969337 0.15084604918956757
11 0.8361178040504456 0.8257684111595154 0.014341332949697971 0.07448132336139679
14 0.6294994950294495 0.3958258330821991 0.030118001624941826 0.12485937029123306
11 0.14078857004642487 0.9017823338508606 0.01488669216632843 0.07284849882125854
11 0.6752883791923523 0.7725275158882141 0.014501566998660564 0.07386026531457901
14 0.27780094742774963 0.3695850372314453 0.02904699370265007 0.14366093277931213
11 0.8896186351776123 0.7433617115020752 0.014520986005663872 0.07523903995752335
14 0.20007799565792084 0.39043211936950684 0.03066248632967472 0.14818024635314941
11 0.621542751789093 0.8501465320587158 0.015376867726445198 0.06925442814826965
11 0.27015164494514465 0.2248130887746811 0.015099945478141308 0.07612783461809158
13 0.06986793130636215 0.7441629767417908 0.010694095864892006 0.16518808901309967
13 0.0700903981924057 0.10747389495372772 0.011708071455359459 0.1659904569387436
11 0.5669588446617126 0.9601693153381348 0.01389426551759243 0.06196732819080353
11 0.3469480276107788 0.903907835483551 0.01448649913072586 0.06764934957027435
14 0.7366090416908264 0.3390752673149109 0.03214821591973305 0.12974689900875092
11 0.5015518665313721 0.11697827279567719 0.014783692546188831 0.07674212008714676
11 0.621793270111084 0.224725604057312 0.015015186741948128 0.0774838849902153
13 0.10629699379205704 0.8678918480873108 0.011764335446059704 0.17956067621707916
11 0.16703106462955475 0.21930420398712158 0.014036852866411209 0.07355287671089172
11 0.4505996108055115 0.17203642427921295 0.014693103730678558 0.07531387358903885
13 0.07912677526473999 0.20186451077461243 0.01043557096272707 0.16865840554237366
11 0.8355841040611267 0.17427518963813782 0.01545368880033493 0.08250226825475693
11 0.8630537986755371 0.09047117829322815 0.014854100532829762 0.07894440740346909
11 0.2950935363769531 0.11657483875751495 0.014682386070489883 0.0774611085653305
5 0.8143976926803589 0.716249406337738 0.05799756944179535 0.12326148897409439
11 0.39855101704597473 0.11625341325998306 0.015237800776958466 0.07885191589593887
13 0.07955619692802429 0.8246961832046509 0.011640118435025215 0.16037416458129883
14 0.8438788056373596 0.3316256105899811 0.0302730780094862 0.1164344847202301
11 0.6751092672348022 0.08917751908302307 0.014252089895308018 0.07581176608800888
11 0.94380784034729 0.04088401049375534 0.015285427682101727 0.07995640486478806
14 0.3799055814743042 0.3651439845561981 0.028130121529102325 0.1445010006427765
11 0.9705336093902588 0.06211964040994644 0.014877689070999622 0.08721863478422165
13 0.08808767795562744 0.7169222235679626 0.011861040256917477 0.18434077501296997
11 0.5675336122512817 0.09077607095241547 0.01416890136897564 0.07219294458627701
11 0.7830490469932556 0.05403461307287216 0.014592918567359447 0.07775385677814484
11 0.19244593381881714 0.039387013763189316 0.015014693140983582 0.07762370258569717
11 0.8898600339889526 0.05504584312438965 0.015621591359376907 0.08228987455368042
11 0.42475971579551697 0.2248833030462265 0.014696870930492878 0.07700289785861969
11 0.4504337012767792 0.711733877658844 0.015027429908514023 0.07610991597175598
11 0.24417008459568024 0.713024914264679 0.01521845068782568 0.0755324587225914
11 0.8095278143882751 0.2010803520679474 0.014868540689349174 0.08266647160053253
11 0.7823424339294434 0.9293042421340942 0.01497356966137886 0.07005197554826736
13 0.10673315823078156 0.24022752046585083 0.011851190589368343 0.1671653538942337
11 0.24379751086235046 0.061027105897665024 0.01483654323965311 0.08172083646059036
14 0.9091992378234863 0.291639506816864 0.047388482838869095 0.1215178444981575
13 0.09025735408067703 0.10300613194704056 0.011872576549649239 0.18423853814601898
11 0.5946794748306274 0.2745772898197174 0.014504213817417622 0.07817316800355911
0 0.02511768415570259 0.5089107751846313 0.004398591350764036 0.8751930594444275
11 0.39860445261001587 0.8004069328308105 0.014353172853589058 0.06769512593746185
13 0.09685157984495163 0.17464390397071838 0.010124290362000465 0.15071973204612732
11 0.19256246089935303 0.8011201024055481 0.014293617568910122 0.0699986070394516
13 0.09667596220970154 0.13822908699512482 0.010523844510316849 0.192305326461792
13 0.097458615899086 0.7986895442008972 0.010408204048871994 0.16850101947784424
11 0.3984053134918213 0.7798304557800293 0.014383443631231785 0.06056312471628189
