1 0.0422368161380291 0.8055692315101624 0.028297388926148415 0.19107933342456818
5 0.20639638602733612 0.2853940725326538 0.027172962203621864 0.09478528797626495
5 0.8496806621551514 0.3916535973548889 0.029538940638303757 0.08651979267597198
5 0.5230525732040405 0.6661428809165955 0.027804166078567505 0.09096958488225937
5 0.9517287015914917 0.3897251784801483 0.029167495667934418 0.08373753726482391
11 0.22292830049991608 0.7906399369239807 0.015188866294920444 0.06477056443691254
11 0.316197007894516 0.20184583961963654 0.015155083499848843 0.06720498204231262
11 0.15400928258895874 0.2257729470729828 0.01656493917107582 0.06253417581319809
8 0.10656248778104782 0.29634997248649597 0.00863915029913187 0.12843474745750427
11 0.2467997670173645 0.6741202473640442 0.015231937170028687 0.06552194803953171
18 0.041703883558511734 0.27914947271347046 0.028133127838373184 0.36259403824806213
11 0.7922863960266113 0.6547742486000061 0.015200135298073292 0.061703044921159744
8 0.06701856851577759 0.2537024915218353 0.00961318425834179 0.1287093460559845
11 0.6483310461044312 0.7892535328865051 0.01469271071255207 0.06298697739839554
11 0.8940854072570801 0.2741315960884094 0.015245446003973484 0.06619222462177277
11 0.4329383671283722 0.7219840288162231 0.014737502671778202 0.06579162925481796
11 0.456722617149353 0.10575025528669357 0.015513019636273384 0.06884294748306274
11 0.8939733505249023 0.1563459038734436 0.015116821974515915 0.06520290672779083
11 0.3600150942802429 0.22402513027191162 0.015851648524403572 0.06419143080711365
5 0.9635945558547974 0.6682865023612976 0.028254680335521698 0.08609020709991455
5 0.7993468642234802 0.34124863147735596 0.02922714129090309 0.1038244441151619
11 0.24678826332092285 0.837990403175354 0.015088507905602455 0.06299249082803726
5 0.6159514784812927 0.598257839679718 0.029543844982981682 0.08880976587533951
11 0.868950605392456 0.15487158298492432 0.015204236842691898 0.0664166808128357
11 0.4330766499042511 0.20101328194141388 0.01479299832135439 0.062334850430488586
11 0.4082900583744049 0.6502572298049927 0.01523936353623867 0.06104819104075432
11 0.5741493701934814 0.15279534459114075 0.015653619542717934 0.06510253995656967
11 0.3846920132637024 0.7189814448356628 0.015176961198449135 0.06558689475059509
8 0.0677226334810257 0.8422535061836243 0.010280610993504524 0.13519370555877686
11 0.17646349966526031 0.7871782779693604 0.014716003090143204 0.06405515223741531
5 0.3904726505279541 0.9018983840942383 0.027672311291098595 0.11317914724349976
11 0.4086712598800659 0.15241049230098724 0.01476650033146143 0.06654054671525955
11 0.9450345039367676 0.2737043499946594 0.016310838982462883 0.07089795172214508
11 0.7925109267234802 0.22202841937541962 0.015026011504232883 0.06498851627111435
8 0.11633926630020142 0.2249012142419815 0.010670402087271214 0.12701676785945892
11 0.4570676386356354 0.9080822467803955 0.014940529130399227 0.06679017841815948
11 0.3150322139263153 0.034936074167490005 0.014224044047296047 0.0566098727285862
5 0.29807722568511963 0.29241663217544556 0.026188373565673828 0.10370141267776489
11 0.623726487159729 0.10621117055416107 0.015435222536325455 0.06691717356443405
11 0.35943156480789185 0.6508918404579163 0.01541233155876398 0.06387346982955933
11 0.8178039789199829 0.7223519086837769 0.014701622538268566 0.06625887751579285
11 0.45670294761657715 0.22054636478424072 0.015492132864892483 0.06939121335744858
11 0.8936367034912109 0.9142276048660278 0.01461175549775362 0.06381640583276749
5 0.7292991280555725 0.8988076448440552 0.027520466595888138 0.09831702709197998
11 0.9447599053382874 0.10699792951345444 0.01515576709061861 0.06484286487102509
5 0.5918775796890259 0.5966589450836182 0.02775230072438717 0.08184198290109634
5 0.7293221950531006 0.24950851500034332 0.027763286605477333 0.0980411246418953
11 0.4087582528591156 0.5716291666030884 0.014823032543063164 0.056329406797885895
11 0.723187267780304 0.15216103196144104 0.015336915850639343 0.06683971732854843
11 0.3602161109447479 0.8104787468910217 0.015868669375777245 0.06602896004915237
11 0.8431357145309448 0.6520116925239563 0.016933685168623924 0.06306229531764984
5 0.9375226497650146 0.6606013178825378 0.030977381393313408 0.08702913671731949
11 0.6982007622718811 0.15041689574718475 0.014592659659683704 0.06570535153150558
11 0.24656818807125092 0.15479165315628052 0.01598244160413742 0.06542160362005234
5 0.8242088556289673 0.3626891076564789 0.028707128018140793 0.10523397475481033
5 0.5114454627037048 0.3478446304798126 0.029056835919618607 0.10409258306026459
5 0.21711820363998413 0.5978742241859436 0.026777978986501694 0.08028054982423782
11 0.29234105348587036 0.10580579191446304 0.015775807201862335 0.06705162674188614
8 0.0778263658285141 0.7626635432243347 0.009850452654063702 0.13293249905109406
5 0.641025185585022 0.6008109450340271 0.029268821701407433 0.08887643367052078
11 0.574160635471344 0.7950980067253113 0.014576911926269531 0.06409431993961334
11 0.1541602909564972 0.796400249004364 0.016123229637742043 0.06966926157474518
11 0.2001509666442871 0.15291175246238708 0.014707468450069427 0.06431901454925537
5 0.1940174698829651 0.6030584573745728 0.026731111109256744 0.08656622469425201
11 0.5048815608024597 0.7663651704788208 0.01537119410932064 0.0660623162984848
5 0.3669459819793701 0.9293665289878845 0.028051087632775307 0.09899049252271652
11 0.20019647479057312 0.7216119170188904 0.014610093086957932 0.06518999487161636
11 0.9707091450691223 0.08463090658187866 0.01633875072002411 0.06536766141653061
11 0.6732794046401978 0.6717712879180908 0.01581609807908535 0.06908901035785675
11 0.8687911629676819 0.2730756402015686 0.015259024687111378 0.06759656965732574
11 0.5055564045906067 0.10552254319190979 0.015614014118909836 0.06952212750911713
0 0.33719274401664734 0.5445526838302612 0.005689400713890791 0.7650544047355652
8 0.08729465305805206 0.2705385684967041 0.009617634117603302 0.12154644727706909
11 0.7921815514564514 0.10723967105150223 0.015997011214494705 0.06538526713848114
11 0.5054804086685181 0.22373518347740173 0.015863247215747833 0.06430593132972717
11 0.5056334137916565 0.9324646592140198 0.014566020108759403 0.06414409726858139
11 0.15440633893013 0.1469617336988449 0.01717400550842285 0.059731706976890564
8 0.1171475201845169 0.8098439574241638 0.009592432528734207 0.12391167879104614
5 0.8492525219917297 0.9359822273254395 0.029715092852711678 0.09617694467306137
5 0.7989221215248108 0.9323062300682068 0.02931898832321167 0.10021457076072693
11 0.6480519771575928 0.03271457925438881 0.01595136895775795 0.05765954405069351
11 0.3596375286579132 0.0533037967979908 0.017044980078935623 0.06568593531847
11 0.9446089267730713 0.9362513422966003 0.014635236002504826 0.06550613045692444
8 0.09722751379013062 0.20179684460163116 0.009063225239515305 0.12377956509590149
5 0.2981853783130646 0.8936297297477722 0.027343371883034706 0.10605604946613312
11 0.7476271390914917 0.7513840198516846 0.01563282683491707 0.07256410270929337
11 0.8171418905258179 0.05776320770382881 0.015620473772287369 0.06628037989139557
11 0.31585946679115295 0.7500782012939453 0.014692310243844986 0.06909588724374771
11 0.22377987205982208 0.17864690721035004 0.014845452271401882 0.06746438145637512
11 0.6738995313644409 0.8397809267044067 0.0142530407756567 0.06050041690468788
11 0.6988000869750977 0.7476856708526611 0.014932937920093536 0.06726637482643127
5 0.41516977548599243 0.880380392074585 0.02889525517821312 0.12358812987804413
8 0.09708612412214279 0.7888826131820679 0.00872579962015152 0.13424883782863617
5 0.8242048025131226 0.9311233758926392 0.029384195804595947 0.09537578374147415
5 0.41454067826271057 0.29678529500961304 0.02819305658340454 0.0945386290550232
11 0.3596905767917633 0.14293698966503143 0.01647781766951084 0.058776937425136566
0 0.7696346044540405 0.5462663769721985 0.006612778641283512 0.7469435930252075
11 0.9448751211166382 0.769271731376648 0.014435227029025555 0.06017705053091049
11 0.6493476033210754 0.14611321687698364 0.015367516316473484 0.06525745242834091
5 0.4990072250366211 0.656192421913147 0.0278028454631567 0.09206703305244446
11 0.43359506130218506 0.07941106706857681 0.015689311549067497 0.06164700165390968
5 0.6802021861076355 0.2546648681163788 0.028721649199724197 0.08973467350006104
11 0.8936580419540405 0.7453551888465881 0.014256341382861137 0.06354814767837524
11 0.9187740683555603 0.8160871863365173 0.014540841802954674 0.0595477931201458
11 0.7943655252456665 0.8167768716812134 0.018550820648670197 0.0708789974451065
11 0.8689643144607544 0.8199502229690552 0.015420181676745415 0.06947632133960724
11 0.15391390025615692 0.9630500078201294 0.013461493887007236 0.058276012539863586
11 0.5985236167907715 0.7922817468643188 0.014415565878152847 0.06697820127010345
0 0.3361937701702118 0.5313790440559387 0.006582390516996384 0.7924968004226685
11 0.45705047249794006 0.7407820224761963 0.015340027399361134 0.06697150319814682
11 0.26951315999031067 0.7480955719947815 0.015068917535245419 0.06653525680303574
11 0.2919214963912964 0.6749522089958191 0.014926525764167309 0.05452241003513336
5 0.6303554177284241 0.24685566127300262 0.028800955042243004 0.10843153297901154
5 0.17041531205177307 0.5997005105018616 0.026299091055989265 0.08974526077508926
11 0.6740227341651917 0.14826053380966187 0.01639806479215622 0.06860068440437317
5 0.2750403881072998 0.9172348976135254 0.027628980576992035 0.11027956753969193
11 0.7926260828971863 0.8224573731422424 0.015293443575501442 0.06635671108961105
11 0.623832643032074 0.7125956416130066 0.01487442571669817 0.06916071474552155
8 0.09609156847000122 0.18912065029144287 0.00810419674962759 0.10914934426546097
11 0.5742513537406921 0.9629833698272705 0.015151853673160076 0.06579933315515518
11 0.7234700322151184 0.6679196953773499 0.01669633388519287 0.06305577605962753
5 0.7049784660339355 0.9183703064918518 0.027885781601071358 0.10800004750490189
11 0.9696998596191406 0.25394347310066223 0.01468163076788187 0.06848089396953583
8 0.10698161274194717 0.8827796578407288 0.009873704053461552 0.14531421661376953
11 0.7478235960006714 0.13062986731529236 0.01581421121954918 0.06503768265247345
11 0.5302101373672485 0.12957176566123962 0.01579388976097107 0.0676000565290451
11 0.5745301246643066 0.26958492398262024 0.015949908643960953 0.06760969758033752
5 0.7051189541816711 0.24682842195034027 0.028200410306453705 0.10109661519527435
11 0.6736953258514404 0.0645541325211525 0.016903508454561234 0.07137886434793472
5 0.9117293357849121 0.6425307393074036 0.028642533347010612 0.08042661845684052
5 0.6809156537055969 0.9498101472854614 0.029894448816776276 0.09691985696554184
11 0.8425492644309998 0.5750783085823059 0.01684127189218998 0.06176520884037018
11 0.15363220870494843 0.05930756777524948 0.015590863302350044 0.06581831723451614
11 0.8428590893745422 0.1291370987892151 0.016774319112300873 0.06894717365503311
5 0.4751378297805786 0.633504331111908 0.027021482586860657 0.08719435334205627
11 0.4807787239551544 0.8135709166526794 0.01568605937063694 0.06066153943538666
11 0.8430982232093811 0.2539356052875519 0.015746740624308586 0.07339876145124435
5 0.25281742215156555 0.9391039609909058 0.027564339339733124 0.10738413035869598
8 0.07790185511112213 0.1739528775215149 0.009522869251668453 0.1245904415845871
11 0.9698726534843445 0.8123564720153809 0.015327392145991325 0.07025104761123657
11 0.5298232436180115 0.25449836254119873 0.015206924639642239 0.06944260001182556
11 0.5293567776679993 0.8193806409835815 0.01506420224905014 0.06463546305894852
11 0.8170996308326721 0.06668955087661743 0.017398202791810036 0.07322853058576584
8 0.09297186136245728 0.817524790763855 0.007855559699237347 0.16487248241901398
0 0.9890859723091125 0.5540004372596741 0.005135722924023867 0.7437111139297485
0 0.021254608407616615 0.5604404807090759 0.007414243649691343 0.7322677969932556
