14 0.7893521785736084 0.4080917537212372 0.030606552958488464 0.1231374740600586
14 0.7090958952903748 0.4201611578464508 0.03153952583670616 0.11801082640886307
11 0.4779316484928131 0.2593960464000702 0.014064589515328407 0.07044608145952225
14 0.2779317796230316 0.4108000099658966 0.029826302081346512 0.12038030475378036
13 0.1066390797495842 0.9068406820297241 0.011390209197998047 0.16820840537548065
14 0.5109524130821228 0.3630847632884979 0.03091702051460743 0.12103639543056488
14 0.14740882813930511 0.4259335994720459 0.028951551765203476 0.14231574535369873
14 0.48548799753189087 0.3663199245929718 0.030000729486346245 0.11966080218553543
14 0.6013031601905823 0.47162553668022156 0.03242845833301544 0.11476012319326401
14 0.6814958453178406 0.4212109446525574 0.032056014984846115 0.11594800651073456
1 0.043315038084983826 0.826250433921814 0.02804805338382721 0.21147170662879944
14 0.4072446823120117 0.3653419613838196 0.02850036881864071 0.11700126528739929
11 0.6738446950912476 0.19098219275474548 0.014839929528534412 0.07172255963087082
5 0.36917364597320557 0.8680249452590942 0.05535956099629402 0.11549361795186996
14 0.8165872693061829 0.4088616967201233 0.03180061653256416 0.12056917697191238
11 0.14094173908233643 0.19525039196014404 0.015196745283901691 0.07108503580093384
14 0.9245433211326599 0.3681257367134094 0.03235625475645065 0.11462212353944778
14 0.8967731595039368 0.3678528070449829 0.03041057661175728 0.11648209393024445
11 0.9163641929626465 0.26355016231536865 0.014827731065452099 0.06983105093240738
14 0.2520327568054199 0.4135224223136902 0.03049641102552414 0.11987464129924774
11 0.8892539739608765 0.6196372509002686 0.015248116105794907 0.06641773134469986
14 0.5735347867012024 0.4711582064628601 0.03064422309398651 0.11561071872711182
11 0.42558425664901733 0.2599565386772156 0.01428662147372961 0.07101357728242874
14 0.17433832585811615 0.4431418478488922 0.029636425897479057 0.13730208575725555
11 0.3221485912799835 0.26224663853645325 0.014802930876612663 0.07356379181146622
13 0.07029018551111221 0.20753638446331024 0.011759161949157715 0.1614076942205429
11 0.7549339532852173 0.1887035369873047 0.01526937261223793 0.07315579056739807
11 0.6470158100128174 0.2634411156177521 0.015513692982494831 0.07414603233337402
13 0.0788361206650734 0.2921125888824463 0.01084695290774107 0.15703505277633667
14 0.4593133330345154 0.3649705946445465 0.029920948669314384 0.11427328735589981
11 0.7279906868934631 0.26438143849372864 0.015030254609882832 0.07459522783756256
14 0.19997423887252808 0.4618443548679352 0.030245531350374222 0.14465230703353882
5 0.5866832137107849 0.9096941351890564 0.058920856565237045 0.11143490672111511
14 0.7357105612754822 0.41534578800201416 0.03114604763686657 0.12484590709209442
11 0.3999848961830139 0.6732361912727356 0.016282260417938232 0.07474393397569656
14 0.6283599734306335 0.46851569414138794 0.030472462996840477 0.12199579924345016
11 0.2705541253089905 0.29014474153518677 0.014534776099026203 0.06707870960235596
14 0.9520690441131592 0.36315980553627014 0.031146854162216187 0.12364945560693741
13 0.07884573191404343 0.869238555431366 0.012319925241172314 0.16314378380775452
11 0.8358259201049805 0.2658660113811493 0.014798491261899471 0.07415958493947983
11 0.5296337604522705 0.21618223190307617 0.014284064993262291 0.06986775249242783
11 0.16706989705562592 0.31209954619407654 0.014244085177779198 0.06775762140750885
11 0.21883435547351837 0.31280848383903503 0.014678820967674255 0.06961201131343842
13 0.07002632319927216 0.7954353094100952 0.011810258030891418 0.15470662713050842
13 0.08803316205739975 0.7647171020507812 0.011171059682965279 0.15024159848690033
11 0.29606369137763977 0.08840005844831467 0.014355369843542576 0.07098163664340973
14 0.8436436057090759 0.40728315711021423 0.030172713100910187 0.12278523296117783
13 0.0882146954536438 0.1839194893836975 0.011795694008469582 0.1646348237991333
11 0.5032967925071716 0.03752109408378601 0.01601237803697586 0.06630399823188782
14 0.3036804497241974 0.4106060266494751 0.029173437505960464 0.12190436571836472
14 0.38115042448043823 0.3671194016933441 0.02977154590189457 0.11216631531715393
5 0.16068316996097565 0.8635774850845337 0.05581396073102951 0.114898681640625
11 0.24445773661136627 0.5890159010887146 0.01620875857770443 0.07180147618055344
11 0.836006760597229 0.6948577165603638 0.016576718538999557 0.07042652368545532
14 0.35552847385406494 0.37123116850852966 0.028709888458251953 0.11444908380508423
11 0.4517393410205841 0.0870307981967926 0.014417795464396477 0.06790463626384735
11 0.4522724449634552 0.5860365629196167 0.015022272244095802 0.06629916280508041
11 0.2443472295999527 0.11479897797107697 0.015404515899717808 0.0756830945611
18 0.04300304129719734 0.305018812417984 0.02509082481265068 0.3897837698459625
5 0.8031731247901917 0.9063450694084167 0.05885232985019684 0.11402638256549835
11 0.3739839792251587 0.2635512053966522 0.01399700716137886 0.07187023013830185
11 0.19247429072856903 0.6719359159469604 0.015731878578662872 0.07162708789110184
11 0.5655086636543274 0.8207578063011169 0.015088465064764023 0.07291115820407867
11 0.7814111709594727 0.16400989890098572 0.015065144747495651 0.07130763679742813
11 0.5932783484458923 0.3613223433494568 0.01438312977552414 0.06977033615112305
11 0.8085793256759644 0.29128897190093994 0.014199082739651203 0.06738121807575226
11 0.14085644483566284 0.7675811052322388 0.015149634331464767 0.07283765822649002
11 0.8894783854484558 0.16219577193260193 0.015770748257637024 0.07420031726360321
11 0.5662168860435486 0.19426986575126648 0.015535173937678337 0.069753497838974
11 0.8626421093940735 0.19183586537837982 0.015400501899421215 0.07602112740278244
11 0.6202306151390076 0.3134198486804962 0.015051332302391529 0.07187061756849289
11 0.7005753517150879 0.3116796314716339 0.014433536678552628 0.07073133438825607
11 0.34797555208206177 0.08715427666902542 0.01452771294862032 0.06722027063369751
11 0.19259856641292572 0.13970646262168884 0.015294407494366169 0.07492607831954956
11 0.9434610605239868 0.13801485300064087 0.015454854816198349 0.07499586045742035
13 0.10672543942928314 0.33501893281936646 0.012402054853737354 0.16402651369571686
11 0.34871232509613037 0.766243577003479 0.014744295738637447 0.06874333322048187
11 0.7821537256240845 0.7919943928718567 0.01655016839504242 0.07565455138683319
14 0.18995749950408936 0.45294803380966187 0.03284183517098427 0.14253400266170502
11 0.4003215730190277 0.08679979294538498 0.015072993002831936 0.068885438144207
11 0.6187491416931152 0.7109410762786865 0.014331018552184105 0.07185987383127213
13 0.08989227563142776 0.19795380532741547 0.01174451969563961 0.1852286010980606
11 0.9705595970153809 0.16073304414749146 0.015252151526510715 0.07455632835626602
13 0.09752502292394638 0.8409683108329773 0.010648857802152634 0.15414367616176605
14 0.5804286599159241 0.4756491184234619 0.0373867005109787 0.11612948775291443
13 0.09700753539800644 0.23583082854747772 0.010581201873719692 0.18790344893932343
0 0.02439577877521515 0.5718112587928772 0.004069807007908821 0.7336121201515198
0 0.9922915697097778 0.5746278166770935 0.00611974997445941 0.761864423751831
