18 0.03589973971247673 0.46773838996887207 0.023258719593286514 0.21433313190937042
6 0.5565975904464722 0.7557384967803955 0.009951013140380383 0.09919815510511398
1 0.03545095771551132 0.7954978942871094 0.024498140439391136 0.12164043635129929
5 0.324718713760376 0.7600018382072449 0.02308865450322628 0.0516788624227047
6 0.5155728459358215 0.7544350028038025 0.009881390258669853 0.09634608030319214
5 0.23469077050685883 0.42563924193382263 0.026542384177446365 0.048953618854284286
11 0.39622434973716736 0.48925474286079407 0.012574166059494019 0.03402829170227051
11 0.7652970552444458 0.8194047808647156 0.011761740781366825 0.03481316193938255
11 0.5055729746818542 0.7900298237800598 0.012494869530200958 0.03571593761444092
11 0.505885899066925 0.5190977454185486 0.01228154543787241 0.03333854302763939
11 0.1434328407049179 0.8894686102867126 0.01341960858553648 0.04148634150624275
11 0.5463845133781433 0.5159637928009033 0.01183168962597847 0.03496610000729561
11 0.5469924211502075 0.789555013179779 0.011402703821659088 0.03612060472369194
6 0.7121707797050476 0.45899975299835205 0.009560398757457733 0.0712040588259697
5 0.34398525953292847 0.7619194984436035 0.02049645408987999 0.05335693433880806
11 0.6614672541618347 0.8220642805099487 0.0129102673381567 0.03640766814351082
11 0.8443856835365295 0.5654401183128357 0.017268003895878792 0.04715342819690704
6 0.8921616673469543 0.781495213508606 0.010379781015217304 0.10273690521717072
11 0.5465378761291504 0.5759495496749878 0.011236773803830147 0.03693753480911255
11 0.4654417037963867 0.8462674021720886 0.012766674160957336 0.03939070180058479
5 0.8341713547706604 0.7618927359580994 0.023569678887724876 0.048419784754514694
5 0.23527686297893524 0.7641953229904175 0.02475055679678917 0.05623858794569969
11 0.21981863677501678 0.8850879669189453 0.011639969423413277 0.03584510460495949
11 0.5058773159980774 0.8484421372413635 0.011983054690063 0.03414321690797806
8 0.056128762662410736 0.4473240375518799 0.006360808853060007 0.07691243290901184
11 0.5059106349945068 0.5745197534561157 0.011443412862718105 0.033650267869234085
11 0.4650269150733948 0.5765237212181091 0.01185663603246212 0.03361578285694122
11 0.311001181602478 0.8201537728309631 0.011812150478363037 0.040366269648075104
6 0.8912400603294373 0.4594757854938507 0.009484308771789074 0.0975891575217247
5 0.361453115940094 0.7617148756980896 0.022254951298236847 0.05134133622050285
11 0.5468937754631042 0.8485774397850037 0.011292047798633575 0.033709816634655
11 0.3654642403125763 0.4915511906147003 0.01286515686661005 0.035525932908058167
6 0.3201897442340851 0.44023218750953674 0.01245861779898405 0.09545256197452545
11 0.24143311381340027 0.9134737849235535 0.011852804571390152 0.03437361121177673
11 0.3108450472354889 0.9179893732070923 0.012103739194571972 0.037957217544317245
5 0.6020026206970215 0.44632479548454285 0.02430019900202751 0.04843511804938316
11 0.6077142953872681 0.5182296633720398 0.011393030174076557 0.03382771834731102
8 0.0559116005897522 0.8186321258544922 0.007062020245939493 0.07870399206876755
11 0.9088002443313599 0.5714572072029114 0.011626409366726875 0.03752247989177704
11 0.7658478617668152 0.5157957673072815 0.011972456239163876 0.03171882778406143
7 0.8612260818481445 0.8067653775215149 0.010935239493846893 0.0632106363773346
11 0.1776890903711319 0.8874413371086121 0.012001180090010166 0.039831243455410004
11 0.6612648963928223 0.9146913290023804 0.012051589787006378 0.034065257757902145
6 0.9578918218612671 0.44929954409599304 0.008301216177642345 0.08349644392728806
11 0.10139191150665283 0.8922141194343567 0.0123466020449996 0.038140323013067245
5 0.19287757575511932 0.7894006967544556 0.02561536245048046 0.06500601768493652
11 0.9078452587127686 0.8314487934112549 0.011928758583962917 0.0381629504263401
11 0.9573525786399841 0.5677854418754578 0.01779400371015072 0.04786773771047592
11 0.8398818373680115 0.8318954706192017 0.011272644624114037 0.03357921168208122
11 0.19933883845806122 0.8862725496292114 0.012638951651751995 0.04152742773294449
11 0.8827568292617798 0.9290488362312317 0.010630824603140354 0.03354710340499878
11 0.2197834998369217 0.49033814668655396 0.01187010109424591 0.03622223064303398
6 0.6705191135406494 0.7735259532928467 0.009452459402382374 0.0890362486243248
7 0.6403558254241943 0.8066025972366333 0.009665620513260365 0.07024262845516205
11 0.42419078946113586 0.4908877909183502 0.012616531923413277 0.033415161073207855
6 0.5548604726791382 0.4653480052947998 0.008420568890869617 0.09032964706420898
11 0.8195258378982544 0.832299530506134 0.0114719457924366 0.03422216325998306
6 0.5154139995574951 0.4586057662963867 0.009847041219472885 0.08317930996417999
5 0.6013803482055664 0.724963366985321 0.02288193255662918 0.045552175492048264
8 0.07242640852928162 0.4647960066795349 0.008753049187362194 0.07647933065891266
11 0.9077466130256653 0.5075687766075134 0.011071005836129189 0.03988126292824745
11 0.3660448491573334 0.8192508220672607 0.012917604297399521 0.03968307375907898
11 0.4650649428367615 0.5157663226127625 0.011545754037797451 0.034888043999671936
11 0.8925200700759888 0.5653709173202515 0.013434202410280704 0.040985800325870514
5 0.2139098048210144 0.7742998003959656 0.023450272157788277 0.06480484455823898
6 0.8929451107978821 0.46567294001579285 0.009571867063641548 0.10470491647720337
11 0.9081847667694092 0.9266107082366943 0.011391779407858849 0.03132929652929306
11 0.17752385139465332 0.4935748875141144 0.012581435032188892 0.037615817040205
11 0.14369189739227295 0.49374887347221375 0.01334040705114603 0.04002387821674347
6 0.9169192314147949 0.4577101767063141 0.008252518251538277 0.096209816634655
11 0.24161802232265472 0.8187454342842102 0.012241734191775322 0.03995763137936592
11 0.1779622882604599 0.5676973462104797 0.013268665410578251 0.02878735587000847
11 0.8395392298698425 0.5123307704925537 0.011558526195585728 0.034441541880369186
7 0.8186556696891785 0.46864479780197144 0.00958251953125 0.055077776312828064
11 0.7661881446838379 0.8142313361167908 0.010077268816530704 0.038184091448783875
11 0.6079518795013428 0.9131883382797241 0.011167313903570175 0.027242619544267654
11 0.6078366041183472 0.8129679560661316 0.010952196083962917 0.03738909587264061
0 0.6246514916419983 0.6374679803848267 0.004698185250163078 0.43883493542671204
11 0.22002843022346497 0.5660256743431091 0.012135221622884274 0.02890436351299286
11 0.8832767605781555 0.570501983165741 0.011513904668390751 0.042009901255369186
11 0.24117952585220337 0.494524210691452 0.012514679692685604 0.03802475333213806
11 0.8404803276062012 0.9320996999740601 0.011154704727232456 0.032879091799259186
11 0.7026861906051636 0.515984058380127 0.011417976580560207 0.033239446580410004
11 0.3963914215564728 0.5274884700775146 0.012295268476009369 0.02927563712000847
11 0.607399046421051 0.8209341168403625 0.012214640155434608 0.034011270850896835
0 0.988838791847229 0.6332864761352539 0.0056400178000330925 0.4562198221683502
6 0.6704542636871338 0.4636676609516144 0.009693339467048645 0.09035415947437286
11 0.9171042442321777 0.5659435987472534 0.011465424671769142 0.03846514970064163
11 0.8824387788772583 0.8313374519348145 0.011393736116588116 0.03485633432865143
11 0.10156895220279694 0.5630561709403992 0.013291689567267895 0.03167178854346275
6 0.7319498062133789 0.767752468585968 0.009417349472641945 0.09066534042358398
11 0.3668563961982727 0.5481250882148743 0.013837099075317383 0.03395569324493408
11 0.14393803477287292 0.5639389157295227 0.013218160718679428 0.030888700857758522
11 0.7656838297843933 0.9120067358016968 0.011365311220288277 0.03315935656428337
6 0.916842520236969 0.7825520634651184 0.008333608508110046 0.09893451631069183
6 0.8609521389007568 0.4665401875972748 0.008023432455956936 0.07412099093198776
6 0.9584595561027527 0.786161482334137 0.010094878263771534 0.11035057157278061
11 0.2419881373643875 0.5477010607719421 0.013390694744884968 0.03280932456254959
11 0.310484915971756 0.49114662408828735 0.010295538231730461 0.034545350819826126
0 0.44581395387649536 0.6427919268608093 0.005914214067161083 0.5335069298744202
6 0.3768652677536011 0.4485495388507843 0.011529829353094101 0.09726569801568985
6 0.732245683670044 0.4564938545227051 0.008806943893432617 0.07717925310134888
6 0.5182582139968872 0.4674573540687561 0.011306123808026314 0.08467262983322144
11 0.9514801502227783 0.9309012293815613 0.011682553216814995 0.034584008157253265
11 0.3114047348499298 0.5486090183258057 0.012709063477814198 0.033821962773799896
0 0.019755737856030464 0.645007312297821 0.003973501268774271 0.44544529914855957
6 0.7117595672607422 0.7698578834533691 0.010342062450945377 0.09260080009698868
11 0.42466631531715393 0.529685914516449 0.013257320038974285 0.032612573355436325
11 0.39582234621047974 0.8156711459159851 0.012529082596302032 0.041353996843099594
11 0.3310719132423401 0.49006783962249756 0.012508212588727474 0.036126360297203064
11 0.7032051086425781 0.8151528835296631 0.010843930765986443 0.03871673345565796
11 0.8404334187507629 0.9220405220985413 0.011442162096500397 0.03288405388593674
6 0.9185301065444946 0.7839922308921814 0.008893958292901516 0.0970330461859703
11 0.5867999196052551 0.5195768475532532 0.012170779518783092 0.03603704273700714
7 0.565918505191803 0.8057546019554138 0.009901989251375198 0.07972213625907898
11 0.8823184370994568 0.5105162262916565 0.011119485832750797 0.03654298931360245
7 0.6402483582496643 0.47255006432533264 0.009271528571844101 0.0671079084277153
11 0.6612709760665894 0.5172831416130066 0.011701303534209728 0.03482050821185112
6 0.7312904000282288 0.4646642804145813 0.00849801767617464 0.08105111122131348
11 0.3109317421913147 0.5276072025299072 0.010658297687768936 0.028674118220806122
11 0.5870172381401062 0.7883972525596619 0.012489325366914272 0.03896787017583847
11 0.21995516121387482 0.5327261090278625 0.011612889356911182 0.027260979637503624
11 0.17805661261081696 0.5318101644515991 0.01283988356590271 0.02903427556157112
0 0.2940759062767029 0.6198148727416992 0.004209442064166069 0.43560755252838135
11 0.24183569848537445 0.5285421013832092 0.012939263135194778 0.025791868567466736
11 0.9512780904769897 0.5157710909843445 0.012714443728327751 0.0308249369263649
11 0.4659516215324402 0.789201557636261 0.012119309976696968 0.04041465371847153
0 0.29312244057655334 0.639716625213623 0.0048718880861997604 0.47801345586776733
11 0.765491783618927 0.5413587093353271 0.011552547104656696 0.02934456244111061
11 0.14366276562213898 0.5337842702865601 0.013047895394265652 0.028691980987787247
11 0.33218392729759216 0.5496401190757751 0.012963964603841305 0.03156251832842827
11 0.7242368459701538 0.5164026021957397 0.012943094596266747 0.03453691676259041
11 0.42391613125801086 0.8151939511299133 0.01262147817760706 0.04017552360892296
7 0.6812241673469543 0.7985744476318359 0.009129348210990429 0.06726272404193878
11 0.6605504155158997 0.8149831295013428 0.010827463120222092 0.039476051926612854
11 0.33149003982543945 0.5553691983222961 0.012407202273607254 0.034131404012441635
6 0.5637655854225159 0.46923553943634033 0.008702646009624004 0.07867550849914551
11 0.10090739279985428 0.49255305528640747 0.013297626748681068 0.03849680721759796
11 0.9099851846694946 0.8280371427536011 0.010867682285606861 0.03943456709384918
11 0.10156312584877014 0.5372357368469238 0.012905430048704147 0.03365250304341316
11 0.3666251301765442 0.5286241173744202 0.014211652800440788 0.027356551960110664
8 0.07198275625705719 0.83113694190979 0.008190919645130634 0.07401197403669357
11 0.5871065855026245 0.5710702538490295 0.012454813346266747 0.026745356619358063
7 0.9286354184150696 0.8059255480766296 0.009987590834498405 0.07350289821624756
6 0.9148198962211609 0.4663977026939392 0.009606976993381977 0.09370598196983337
11 0.14338667690753937 0.549325168132782 0.014358751475811005 0.03525087982416153
7 0.9289517998695374 0.46749237179756165 0.008649599738419056 0.06754586845636368
0 0.8040280342102051 0.6341996192932129 0.005770675837993622 0.47596967220306396
11 0.3316018879413605 0.5262422561645508 0.01208216231316328 0.02672511152923107
6 0.7863179445266724 0.46836671233177185 0.008461657911539078 0.06880230456590652
