1 0.04293742775917053 0.6967523694038391 0.02718612365424633 0.162136971950531
11 0.3371347188949585 0.34854283928871155 0.014124195091426373 0.057777658104896545
11 0.38016170263290405 0.23680219054222107 0.014579759910702705 0.05598355829715729
11 0.4570643901824951 0.761819064617157 0.014853693544864655 0.062229856848716736
5 0.6789700984954834 0.1455051600933075 0.026224898174405098 0.08453842252492905
11 0.2735845148563385 0.21729616820812225 0.014198584482073784 0.05908165127038956
11 0.21996185183525085 0.30288898944854736 0.01456462126225233 0.058665815740823746
11 0.40179070830345154 0.699059784412384 0.015278847888112068 0.06490007787942886
18 0.04226158931851387 0.2521516978740692 0.025212788954377174 0.3295362591743469
11 0.866982102394104 0.649576723575592 0.013103518635034561 0.05850175395607948
11 0.1401827335357666 0.6499041318893433 0.014104457572102547 0.06245161592960358
8 0.07219391316175461 0.6655879616737366 0.009914807043969631 0.11136207729578018
11 0.27334731817245483 0.30616405606269836 0.014300086535513401 0.0547853484749794
5 0.19522567093372345 0.1358356475830078 0.02500002458691597 0.0927075520157814
11 0.10105424374341965 0.6577469110488892 0.015489347279071808 0.06304626166820526
5 0.15674103796482086 0.12377114593982697 0.023335127159953117 0.09173567593097687
5 0.9368271231651306 0.4037948250770569 0.026643723249435425 0.0810633972287178
11 0.8898313045501709 0.12437228858470917 0.013210678473114967 0.05562287196516991
5 0.46229636669158936 0.8463356494903564 0.02439309097826481 0.10809402167797089
11 0.9529861807823181 0.6525150537490845 0.014438086189329624 0.05863456800580025
5 0.6566587686538696 0.1433662474155426 0.025625057518482208 0.07697103172540665
5 0.6998888850212097 0.14797981083393097 0.024346161633729935 0.08020805567502975
5 0.48369544744491577 0.3630724549293518 0.024827471002936363 0.08503507077693939
5 0.9587880969047546 0.41259369254112244 0.025175338611006737 0.08349285274744034
5 0.8406216502189636 0.5531452298164368 0.02365187369287014 0.06766141206026077
11 0.7903457283973694 0.3239900469779968 0.01482430286705494 0.057785000652074814
11 0.19931764900684357 0.24138766527175903 0.014127198606729507 0.06657399982213974
5 0.5054871439933777 0.3667334318161011 0.026000386103987694 0.08652801811695099
11 0.12080051004886627 0.303663045167923 0.014307206496596336 0.05621744692325592
5 0.31107884645462036 0.12805849313735962 0.022833531722426414 0.0924045592546463
11 0.27357131242752075 0.697754442691803 0.014733527787029743 0.06088949739933014
5 0.2899799942970276 0.6022506952285767 0.027180863544344902 0.0807049423456192
11 0.23968763649463654 0.21990159153938293 0.014353854581713676 0.05693996697664261
11 0.5856215953826904 0.22484725713729858 0.013388849794864655 0.05895186960697174
11 0.8247277140617371 0.6520755290985107 0.013862972147762775 0.05776316300034523
11 0.5864360928535461 0.3254011869430542 0.014515694230794907 0.05572589114308357
11 0.10135552287101746 0.21578344702720642 0.015435699373483658 0.06661513447761536
5 0.46260833740234375 0.36364036798477173 0.025264156982302666 0.0864180251955986
11 0.7478362917900085 0.23729388415813446 0.013261308893561363 0.05892523005604744
11 0.5221468210220337 0.1749383807182312 0.01546742394566536 0.06458492577075958
11 0.23969680070877075 0.30401352047920227 0.012921727262437344 0.05151459202170372
11 0.9537179470062256 0.3040381073951721 0.015115801244974136 0.05847034603357315
11 0.5644421577453613 0.1960773468017578 0.014186651445925236 0.05937806889414787
11 0.273153156042099 0.8508869409561157 0.015489199198782444 0.05839525908231735
11 0.3596765697002411 0.3453679382801056 0.015525402501225471 0.061157066375017166
5 0.8301655054092407 0.36456647515296936 0.02455790899693966 0.08258307725191116
11 0.8455875515937805 0.710906445980072 0.014590083621442318 0.061567116528749466
11 0.10118270665407181 0.30130571126937866 0.015121051110327244 0.06077664718031883
11 0.2956368029117584 0.7633744478225708 0.014008346013724804 0.05993003770709038
5 0.9152539968490601 0.3890363574028015 0.024457935243844986 0.08314148336648941
11 0.5646927356719971 0.3264203369617462 0.013498906046152115 0.057921696454286575
11 0.12062858790159225 0.7098757028579712 0.015351293608546257 0.06410420686006546
11 0.6412917971611023 0.23611943423748016 0.013730711303651333 0.05890844762325287
5 0.4068164825439453 0.40997543931007385 0.025104891508817673 0.09106404334306717
11 0.6622608304023743 0.321113258600235 0.014591263607144356 0.05975014343857765
5 0.8730329275131226 0.36418864130973816 0.026003282517194748 0.09135808795690536
11 0.29502570629119873 0.3470182418823242 0.014503304846584797 0.055305130779743195
11 0.1606447398662567 0.3691854774951935 0.013638796284794807 0.06016438826918602
5 0.3110267221927643 0.6012576818466187 0.025523770600557327 0.08285293728113174
5 0.21574226021766663 0.12208536267280579 0.02486477419734001 0.09730587154626846
11 0.316307932138443 0.3475484251976013 0.013999469578266144 0.0553104393184185
11 0.45742329955101013 0.6109937429428101 0.014967611990869045 0.05917676165699959
11 0.478845477104187 0.17370717227458954 0.015757743269205093 0.0593409389257431
11 0.14030486345291138 0.303053081035614 0.013229181990027428 0.05670022964477539
5 0.13622832298278809 0.555518388748169 0.0241575725376606 0.08122380822896957
5 0.3644375801086426 0.4463382661342621 0.02537490986287594 0.09264981001615524
5 0.5695933103561401 0.4336376190185547 0.025137903168797493 0.08848085254430771
11 0.5424569249153137 0.26170411705970764 0.013915479183197021 0.060645852237939835
11 0.5000110268592834 0.6120147109031677 0.014008802361786366 0.060225170105695724
11 0.7048262357711792 0.2573051154613495 0.014075683429837227 0.05266949161887169
11 0.31627967953681946 0.6954936981201172 0.013608559966087341 0.05922158434987068
5 0.1175258457660675 0.10010183602571487 0.023909516632556915 0.08406900614500046
11 0.4564054608345032 0.15586595237255096 0.014701534993946552 0.06712184846401215
11 0.3588675260543823 0.2622111439704895 0.014509284868836403 0.0623958446085453
11 0.6406422853469849 0.8279604315757751 0.015686411410570145 0.06100781634449959
11 0.6060140132904053 0.24128903448581696 0.015138971619307995 0.06337137520313263
11 0.22019217908382416 0.6585351228713989 0.014780000783503056 0.06335557252168655
5 0.33186331391334534 0.1515798717737198 0.02646852843463421 0.10373871773481369
11 0.10131257772445679 0.7154392004013062 0.015468912199139595 0.06140206754207611
11 0.767995297908783 0.25832557678222656 0.015036423690617085 0.05493863299489021
11 0.7263712882995605 0.25655028223991394 0.015009714290499687 0.05233566090464592
0 0.807982861995697 0.4873400032520294 0.007020973600447178 0.6310584545135498
11 0.17976336181163788 0.36880892515182495 0.015559446066617966 0.05931151658296585
5 0.23513828217983246 0.11285176873207092 0.02297583408653736 0.10099498182535172
11 0.47803550958633423 0.6779760718345642 0.013184183277189732 0.060873668640851974
5 0.289727121591568 0.11342097818851471 0.026485824957489967 0.09124498069286346
11 0.8910471200942993 0.6085668802261353 0.019053641706705093 0.06575444340705872
11 0.6408074498176575 0.3231271803379059 0.014437013305723667 0.05801292881369591
11 0.8890339136123657 0.21775023639202118 0.012646880932152271 0.05179673805832863
11 0.21989521384239197 0.21692170202732086 0.015018067322671413 0.05734790116548538
11 0.3809221386909485 0.31001216173171997 0.01439016405493021 0.05532798916101456
5 0.5481330156326294 0.4340377748012543 0.026798026636242867 0.09010302275419235
5 0.8618779182434082 0.5501537919044495 0.025811972096562386 0.07090415805578232
11 0.585869312286377 0.6109438538551331 0.015132749453186989 0.060081418603658676
11 0.457805335521698 0.6740456819534302 0.014651870355010033 0.061283811926841736
5 0.5909340381622314 0.4461671710014343 0.023698052391409874 0.07481851428747177
11 0.17991696298122406 0.25961923599243164 0.014624543488025665 0.06161583214998245
11 0.16231021285057068 0.6132991909980774 0.017876220867037773 0.0647813156247139
5 0.4839053153991699 0.8061836361885071 0.02565450221300125 0.11360950767993927
11 0.931418240070343 0.2618127763271332 0.014852460473775864 0.06187855452299118
5 0.3858223557472229 0.42819780111312866 0.024566302075982094 0.0965861976146698
11 0.27318429946899414 0.7613745331764221 0.014955946244299412 0.05961748585104942
2 0.8905065655708313 0.05692063644528389 0.015216096304357052 0.0522560216486454
11 0.6843510866165161 0.3215242326259613 0.015281476080417633 0.058796342462301254
11 0.7694511413574219 0.6748403906822205 0.014131355099380016 0.057003021240234375
11 0.9748185276985168 0.2971431314945221 0.013669407926499844 0.06039829179644585
5 0.7422795295715332 0.14720414578914642 0.024670807644724846 0.07160154730081558
11 0.8252899050712585 0.8100913763046265 0.014743047766387463 0.05301729962229729
5 0.13571561872959137 0.11422227323055267 0.024154193699359894 0.08822499215602875
8 0.07045593857765198 0.6856631636619568 0.008954670280218124 0.12840372323989868
11 0.9098226428031921 0.2612511217594147 0.014155006967484951 0.05897068977355957
11 0.9530432820320129 0.2185467928647995 0.013517731800675392 0.050610508769750595
11 0.478626549243927 0.2590402364730835 0.015273484401404858 0.062345124781131744
11 0.6405802965164185 0.7338721752166748 0.015294991433620453 0.058310698717832565
11 0.16056451201438904 0.2567082941532135 0.01443254854530096 0.06216570362448692
11 0.8678371906280518 0.2602340877056122 0.014490540139377117 0.05934375151991844
11 0.45698538422584534 0.25637519359588623 0.014737389050424099 0.06070251390337944
5 0.8510425686836243 0.3619985580444336 0.0248290803283453 0.08369480818510056
11 0.45713314414024353 0.6662638187408447 0.014913870953023434 0.05072740092873573
5 0.7637761235237122 0.14787569642066956 0.024297354742884636 0.06951416283845901
5 0.1164151206612587 0.5467913150787354 0.02211599238216877 0.07451410591602325
5 0.6568006277084351 0.5639559626579285 0.025991912931203842 0.08058274537324905
11 0.8258272409439087 0.10564300417900085 0.014139560982584953 0.054127756506204605
5 0.7847186923027039 0.14806242287158966 0.024411220103502274 0.07457872480154037
11 0.6834751963615417 0.6762294769287109 0.015170025639235973 0.061584535986185074
5 0.74146568775177 0.1590709388256073 0.023319076746702194 0.08546348661184311
11 0.9752212166786194 0.1878863126039505 0.01532733254134655 0.06203429028391838
11 0.10151145607233047 0.8047198057174683 0.015259573236107826 0.06466744840145111
5 0.31118136644363403 0.14294077455997467 0.024262573570013046 0.10203160345554352
11 0.8455461859703064 0.21697816252708435 0.01470909733325243 0.05924149975180626
11 0.4992283284664154 0.25956201553344727 0.013943100348114967 0.060400787740945816
11 0.606384813785553 0.3306078314781189 0.01503229420632124 0.05478617176413536
0 0.8068705201148987 0.469023734331131 0.005516441073268652 0.6378099322319031
0 0.4396280348300934 0.4845045506954193 0.006284824572503567 0.6412279009819031
5 0.6788205504417419 0.5635935664176941 0.025512535125017166 0.07861664891242981
11 0.8248829245567322 0.7173529267311096 0.014564715325832367 0.05338249355554581
11 0.6396833658218384 0.6735079288482666 0.015269086696207523 0.055076662451028824
8 0.07197832316160202 0.17847175896167755 0.009953142143785954 0.14474716782569885
11 0.402258962392807 0.3140048682689667 0.015885578468441963 0.05122318118810654
11 0.8244256973266602 0.21978028118610382 0.012561013922095299 0.05920391157269478
0 0.2556490898132324 0.4830187261104584 0.005660527851432562 0.6777797341346741
11 0.5235535502433777 0.5702711939811707 0.018305612727999687 0.0631253570318222
11 0.6624338626861572 0.7365368604660034 0.014921915717422962 0.06059379503130913
11 0.4020959138870239 0.2543528378009796 0.014102661050856113 0.05193544924259186
11 0.7682434916496277 0.3298850655555725 0.015697084367275238 0.0559551864862442
11 0.6405186057090759 0.3323977291584015 0.014280885457992554 0.05619866028428078
11 0.42346277832984924 0.16087470948696136 0.015350905247032642 0.06360398977994919
11 0.7080031037330627 0.627787172794342 0.01986646093428135 0.0698179230093956
11 0.4241310954093933 0.2649401128292084 0.01616629771888256 0.07047083973884583
5 0.5918785929679871 0.4347243309020996 0.026153724640607834 0.09050954133272171
5 0.4623660743236542 0.3447554409503937 0.023203764110803604 0.08587910234928131
5 0.7510169744491577 0.3951475918292999 0.026496874168515205 0.06026226654648781
8 0.06615292280912399 0.20252610743045807 0.010854777880012989 0.16430018842220306
11 0.726617157459259 0.3094300627708435 0.014615613967180252 0.05034920200705528
0 0.02502145618200302 0.4817914664745331 0.004575246479362249 0.6602501273155212
11 0.5221971869468689 0.2629571855068207 0.01579056680202484 0.06568789482116699
8 0.06303467601537704 0.2085724174976349 0.0060505857691168785 0.1446293294429779
11 0.42403677105903625 0.2663179934024811 0.01346425898373127 0.05377275124192238
11 0.7480862140655518 0.3193708062171936 0.014448544941842556 0.058866437524557114
5 0.11738693714141846 0.5587131381034851 0.023280955851078033 0.09121529012918472
11 0.42378169298171997 0.13847897946834564 0.015110787004232407 0.060097210109233856
5 0.9363498687744141 0.3892805278301239 0.025730019435286522 0.09686533361673355
8 0.06414316594600677 0.728082537651062 0.010738869197666645 0.12567856907844543
