5 0.9256767630577087 0.12225266546010971 0.026737259700894356 0.0888696238398552
5 0.9696128368377686 0.12460043281316757 0.026370620355010033 0.09331881999969482
11 0.9531664252281189 0.23310555517673492 0.014939882792532444 0.06583559513092041
11 0.2765424847602844 0.825199544429779 0.015096385963261127 0.059596553444862366
5 0.9473482370376587 0.12935742735862732 0.02642597071826458 0.09492170065641403
1 0.04281065613031387 0.6910191178321838 0.02760413847863674 0.15952572226524353
11 0.7784243822097778 0.6945487856864929 0.016304217278957367 0.06618618220090866
5 0.8622769117355347 0.15024341642856598 0.02689553238451481 0.09135584533214569
11 0.2026408165693283 0.12474832683801651 0.01551105547696352 0.06137039512395859
11 0.36389216780662537 0.27910116314888 0.013710491359233856 0.056475378572940826
11 0.7779165506362915 0.6104518175125122 0.01569778099656105 0.0665062963962555
11 0.608472466468811 0.3198327422142029 0.015194857493042946 0.06468091905117035
5 0.22691144049167633 0.7030155658721924 0.02565554901957512 0.08175812661647797
5 0.31500178575515747 0.5344728231430054 0.026217898353934288 0.07798220962285995
18 0.042429368942976 0.25163665413856506 0.0258482713252306 0.32921233773231506
5 0.5033795833587646 0.1512245386838913 0.028554154559969902 0.08787833154201508
11 0.9532502889633179 0.6062796711921692 0.015838246792554855 0.06208501383662224
11 0.7782611846923828 0.23479805886745453 0.01521738339215517 0.06895962357521057
11 0.9100834131240845 0.23675620555877686 0.014844093471765518 0.06540323793888092
5 0.6566924452781677 0.4183655381202698 0.02531757578253746 0.0776727944612503
5 0.3364841341972351 0.5333800315856934 0.02576211839914322 0.07791798561811447
11 0.4075203537940979 0.2368893176317215 0.014181636273860931 0.05837581679224968
5 0.12508635222911835 0.8692436814308167 0.025071624666452408 0.11323336511850357
11 0.20205436646938324 0.27984464168548584 0.014806670136749744 0.06352731585502625
5 0.2924084961414337 0.5314171314239502 0.02547694928944111 0.07563766092061996
11 0.09946977347135544 0.2984603941440582 0.01615164242684841 0.05503034219145775
11 0.16057272255420685 0.10610050708055496 0.014718174934387207 0.05947302281856537
5 0.7421362400054932 0.43010616302490234 0.027008432894945145 0.0922686830163002
11 0.5812075138092041 0.21373964846134186 0.015238730236887932 0.06304462254047394
11 0.7152445912361145 0.19832758605480194 0.014264312572777271 0.06711841374635696
11 0.09858022630214691 0.6481297016143799 0.015213917940855026 0.057580284774303436
11 0.14022810757160187 0.6082181930541992 0.01397667545825243 0.0613146647810936
11 0.12049566954374313 0.6075927019119263 0.014200650155544281 0.06300200521945953
5 0.20625610649585724 0.7010639905929565 0.022908203303813934 0.07979293167591095
11 0.7572250962257385 0.19967271387577057 0.015128351747989655 0.07042159140110016
11 0.7369952201843262 0.3227141499519348 0.015902340412139893 0.06431777775287628
5 0.10425538569688797 0.9056512713432312 0.02512512542307377 0.11042849719524384
5 0.41271501779556274 0.35981202125549316 0.02521028183400631 0.09212812781333923
11 0.6514419317245483 0.2168935388326645 0.014597699977457523 0.060805171728134155
11 0.16064339876174927 0.60687255859375 0.013268576003611088 0.059406232088804245
11 0.3637579381465912 0.6264054179191589 0.01465369388461113 0.05854165181517601
5 0.6991633176803589 0.4197528064250946 0.024784617125988007 0.08016505092382431
11 0.6088137030601501 0.6056385636329651 0.015204833820462227 0.06295789033174515
9 0.2764682471752167 0.16159507632255554 0.01507042720913887 0.05053817853331566
11 0.4077015519142151 0.6287457346916199 0.014567102305591106 0.06353006511926651
11 0.3420974314212799 0.6281734108924866 0.014457447454333305 0.05819765850901604
11 0.6085466742515564 0.21338686347007751 0.014016364701092243 0.059697169810533524
11 0.9309324622154236 0.21318484842777252 0.015620602294802666 0.06236008554697037
5 0.884334921836853 0.15055975317955017 0.02608298324048519 0.09031755477190018
11 0.9533571004867554 0.6706671118736267 0.016080135479569435 0.06315925717353821
11 0.18117175996303558 0.6077960729598999 0.014568228274583817 0.06035023555159569
11 0.6941072344779968 0.1972741335630417 0.01529654674232006 0.06637448817491531
5 0.18595078587532043 0.6980314254760742 0.024506326764822006 0.08091104030609131
5 0.14520712196826935 0.8403328061103821 0.02531375363469124 0.10694285482168198
11 0.22235383093357086 0.6070241332054138 0.014671137556433678 0.06245703250169754
11 0.5091843008995056 0.25498166680336 0.014853854663670063 0.06551581621170044
11 0.7577531933784485 0.3257903456687927 0.014456375502049923 0.06526730209589005
5 0.39120176434516907 0.3683242201805115 0.025780918076634407 0.08317016810178757
5 0.5261449217796326 0.14868423342704773 0.027232781052589417 0.08157133311033249
5 0.6788350343704224 0.41537168622016907 0.02562655881047249 0.08083949983119965
11 0.3854375183582306 0.6268254518508911 0.0139840766787529 0.0684063658118248
5 0.36930200457572937 0.3707253336906433 0.024985315278172493 0.0834670439362526
11 0.7160722017288208 0.3220398426055908 0.014916767366230488 0.06482035666704178
11 0.6734728217124939 0.19544832408428192 0.014190727844834328 0.06363552063703537
11 0.2984221279621124 0.6293632984161377 0.013924999162554741 0.054478347301483154
11 0.2766062915325165 0.6669730544090271 0.014830389991402626 0.052407365292310715
11 0.20153695344924927 0.6061763763427734 0.013594226911664009 0.06051718816161156
11 0.8463865518569946 0.32720500230789185 0.015589548274874687 0.060574933886528015
11 0.5313295722007751 0.2564464211463928 0.01522864680737257 0.06520332396030426
11 0.4284938871860504 0.6285884380340576 0.013428136706352234 0.059763312339782715
11 0.24283619225025177 0.2307194322347641 0.015092149376869202 0.05467774718999863
11 0.5551254749298096 0.23256923258304596 0.015933126211166382 0.06694357842206955
5 0.3689849078655243 0.7307882308959961 0.025421787053346634 0.08388043940067291
0 0.6338672637939453 0.47782692313194275 0.007248487789183855 0.6736268997192383
9 0.27701255679130554 0.23965118825435638 0.014996815472841263 0.04815084859728813
11 0.7364946007728577 0.20010697841644287 0.014423766173422337 0.07174556702375412
11 0.888979971408844 0.2517576217651367 0.01531944889575243 0.05726058408617973
11 0.4286257326602936 0.25648799538612366 0.01392288040369749 0.06383940577507019
11 0.3202299475669861 0.6250721216201782 0.014414889737963676 0.05521383136510849
11 0.652638852596283 0.7612656950950623 0.019062437117099762 0.06714008003473282
11 0.24272166192531586 0.2739751636981964 0.014552701264619827 0.05368595942854881
11 0.9103476405143738 0.3257046937942505 0.016359353438019753 0.06733039766550064
5 0.4126395583152771 0.7313355803489685 0.02401561848819256 0.08352954685688019
0 0.8067690134048462 0.5195313692092896 0.007123950403183699 0.6802439093589783
11 0.8887605667114258 0.3247436285018921 0.015409499406814575 0.0658823773264885
11 0.7784349918365479 0.32383275032043457 0.01604950986802578 0.06336850672960281
11 0.5555210709571838 0.3256232738494873 0.017371367663145065 0.06316158920526505
8 0.06510461121797562 0.1980879008769989 0.010832566767930984 0.15299057960510254
11 0.9752935171127319 0.329169899225235 0.015931248664855957 0.061414264142513275
11 0.717255711555481 0.6093004941940308 0.01822451874613762 0.06956424564123154
11 0.4865182042121887 0.3256206512451172 0.015426662750542164 0.05243692547082901
0 0.44567400217056274 0.4958874583244324 0.006439396645873785 0.6313613057136536
8 0.07012191414833069 0.690524160861969 0.008550955913960934 0.13025151193141937
11 0.0990607962012291 0.21137143671512604 0.01587807759642601 0.06337236613035202
11 0.9745396375656128 0.24884384870529175 0.01467171497642994 0.06156140938401222
11 0.16142195463180542 0.2541804313659668 0.015201279893517494 0.0620807521045208
8 0.0724702849984169 0.17436598241329193 0.009862340055406094 0.1365058571100235
11 0.6735411882400513 0.3264109790325165 0.013954524882137775 0.06595407426357269
11 0.09900534898042679 0.8030603528022766 0.014987992122769356 0.06132698804140091
11 0.5814322829246521 0.32308435440063477 0.016186706721782684 0.06671085208654404
11 0.48576614260673523 0.24959038197994232 0.014383701607584953 0.056265939027071
11 0.38484326004981995 0.24849215149879456 0.01510158833116293 0.0642426460981369
5 0.3919273912906647 0.7290742993354797 0.026600172743201256 0.08340147882699966
14 0.5816361904144287 0.10960406064987183 0.015638355165719986 0.07215724885463715
0 0.258415162563324 0.49018236994743347 0.006431378424167633 0.6794439554214478
11 0.24226628243923187 0.6050593852996826 0.013929236680269241 0.0663735643029213
11 0.6942002177238464 0.3250129520893097 0.01545428391546011 0.06785710901021957
11 0.6521234512329102 0.32270070910453796 0.015482870861887932 0.06950994580984116
0 0.2572307884693146 0.5123667120933533 0.005887934938073158 0.6744246482849121
8 0.07193377614021301 0.6632417440414429 0.009416435845196247 0.11564023047685623
11 0.7189563512802124 0.6969165205955505 0.022251980379223824 0.07460979372262955
11 0.8890562057495117 0.2981173098087311 0.01532019954174757 0.062310367822647095
11 0.4272126257419586 0.261928915977478 0.01395227201282978 0.051951147615909576
11 0.8463528752326965 0.2536105513572693 0.015469140373170376 0.060812611132860184
11 0.6523862481117249 0.6896240711212158 0.018037229776382446 0.0655316486954689
11 0.8464397192001343 0.2959197163581848 0.016178876161575317 0.0767333060503006
11 0.8279461860656738 0.7600138783454895 0.020579520612955093 0.0751870796084404
0 0.025151129812002182 0.4729995131492615 0.00463033327832818 0.6653652191162109
6 0.2416936457157135 0.37632590532302856 0.013728753663599491 0.1383921056985855
20 0.8288562893867493 0.6691051721572876 0.022856324911117554 0.07225930690765381
11 0.09931270778179169 0.3697408437728882 0.015679894015192986 0.051670920103788376
11 0.8672046661376953 0.2570400536060333 0.015019421465694904 0.06956667453050613
4 0.8925580978393555 0.6064444184303284 0.022494297474622726 0.06692664325237274
11 0.9748457670211792 0.29389551281929016 0.015547874383628368 0.07995975762605667
20 0.46643322706222534 0.7614338994026184 0.01932990923523903 0.06858525425195694
0 0.4447004199028015 0.4857850670814514 0.005110165569931269 0.6304509043693542
11 0.2764701545238495 0.7201473116874695 0.015154981054365635 0.05201989412307739
11 0.09876574575901031 0.7866847515106201 0.015380075201392174 0.05809193477034569
4 0.8932134509086609 0.6702037453651428 0.02352755144238472 0.06634929776191711
11 0.48611488938331604 0.2914253771305084 0.014948088675737381 0.04992091655731201
5 0.56888747215271 0.10670680552721024 0.020305989310145378 0.07422002404928207
11 0.09867171198129654 0.7194419503211975 0.015231187455356121 0.05502568185329437
0 0.2597672641277313 0.49345648288726807 0.006850901525467634 0.6482589840888977
