8 0.10650847107172012 0.3420572578907013 0.008433814160525799 0.15523506700992584
5 0.8967311382293701 0.9331153631210327 0.02977195382118225 0.10871459543704987
18 0.041859958320856094 0.3238092362880707 0.027804313227534294 0.4113704562187195
8 0.10698648542165756 0.8719130754470825 0.008728145621716976 0.15877211093902588
11 0.8889836072921753 0.6182543039321899 0.014770837500691414 0.07395628839731216
5 0.8965640664100647 0.32527539134025574 0.030406588688492775 0.10571666061878204
8 0.06767527014017105 0.2904844284057617 0.01010942179709673 0.15763884782791138
14 0.4326723515987396 0.38066092133522034 0.02561279386281967 0.11649855971336365
11 0.4718540906906128 0.6778143644332886 0.014507648535072803 0.07405497133731842
11 0.889096200466156 0.8108621835708618 0.014570263214409351 0.07265345752239227
11 0.2811979353427887 0.6173892617225647 0.016294099390506744 0.07735107839107513
11 0.9700803756713867 0.03566008061170578 0.014602230861783028 0.07132016122341156
11 0.6036562323570251 0.70353764295578 0.015346440486609936 0.07627684623003006
8 0.0783611387014389 0.7300013899803162 0.009033704176545143 0.13572382926940918
5 0.7157195210456848 0.62086421251297 0.04113845154643059 0.11477824300527573
1 0.041784778237342834 0.7706913352012634 0.027903718873858452 0.21413780748844147
14 0.5427231788635254 0.38184070587158203 0.024891262874007225 0.12195707112550735
14 0.45478910207748413 0.3840520977973938 0.025588229298591614 0.12181661278009415
11 0.2812007665634155 0.8180307149887085 0.016096873208880424 0.0787777528166771
11 0.25272226333618164 0.7562041878700256 0.015967754647135735 0.07729372382164001
11 0.6038313508033752 0.898881733417511 0.016348369419574738 0.0758497342467308
11 0.49404850602149963 0.2613737881183624 0.01432725414633751 0.07680683583021164
11 0.5818629264831543 0.26155734062194824 0.015734292566776276 0.07950691133737564
5 0.853797197341919 0.5357021689414978 0.031976860016584396 0.1009204164147377
14 0.6091127395629883 0.27524158358573914 0.0264653991907835 0.11171074211597443
5 0.6750316619873047 0.6072658896446228 0.04542066901922226 0.11669525504112244
11 0.4717507064342499 0.26067355275154114 0.014908279292285442 0.07324646413326263
14 0.6313661336898804 0.267438679933548 0.024899138137698174 0.11570713669061661
14 0.3683902621269226 0.3852892220020294 0.021168237552046776 0.11030453443527222
11 0.153804212808609 0.1765364110469818 0.015792040154337883 0.07244653254747391
11 0.3089158535003662 0.2654055953025818 0.01507792342454195 0.07753967493772507
11 0.5597876906394958 0.26132819056510925 0.014941000379621983 0.07554981112480164
5 0.28935879468917847 0.9348500370979309 0.03224973753094673 0.10438965260982513
14 0.5651928782463074 0.38413503766059875 0.02480064146220684 0.12009844928979874
11 0.8610178828239441 0.756887674331665 0.015139170922338963 0.07443522661924362
5 0.2894916534423828 0.40238088369369507 0.03220890462398529 0.10416737198829651
11 0.5157667994499207 0.2649071514606476 0.014669796451926231 0.07460279017686844
11 0.8342191576957703 0.17741358280181885 0.014977258630096912 0.07773448526859283
11 0.15418553352355957 0.7615218758583069 0.01581573113799095 0.08072233200073242
11 0.3833373785018921 0.262796550989151 0.014678283594548702 0.07731906324625015
11 0.6921483874320984 0.7298154234886169 0.014610670506954193 0.07584097981452942
11 0.36499086022377014 0.26291003823280334 0.013720910996198654 0.07429544627666473
5 0.443765252828598 0.9248718619346619 0.04887885972857475 0.10403665155172348
8 0.06715450435876846 0.8153957724571228 0.00893389992415905 0.1470915973186493
14 0.4778168797492981 0.3834376037120819 0.025134366005659103 0.12126965820789337
5 0.6316961646080017 0.5841245651245117 0.04712295904755592 0.11233364045619965
11 0.6483680009841919 0.7826734781265259 0.01578691229224205 0.07886270433664322
11 0.4273955523967743 0.2629111707210541 0.015235685743391514 0.07531853020191193
5 0.9236642122268677 0.9007086157798767 0.030959276482462883 0.1268167346715927
11 0.5601407289505005 0.78910893201828 0.016013983637094498 0.0796804204583168
11 0.2528682053089142 0.26503321528434753 0.014101007021963596 0.07633627951145172
8 0.11603870242834091 0.24646201729774475 0.010156683623790741 0.14931854605674744
8 0.11659731715917587 0.777639627456665 0.009305067360401154 0.1476176232099533
11 0.3657388687133789 0.7061581015586853 0.01494394801557064 0.07901786267757416
11 0.9692867398262024 0.7062445878982544 0.01592138223350048 0.08076063543558121
11 0.30918508768081665 0.7072086334228516 0.015356553718447685 0.07944462448358536
5 0.20842821896076202 0.5425053834915161 0.03304223716259003 0.09842033684253693
11 0.6921142339706421 0.9235355854034424 0.015220644883811474 0.07408590614795685
11 0.9156564474105835 0.7055409550666809 0.015283825807273388 0.07819236069917679
11 0.6030200719833374 0.14285768568515778 0.014507554471492767 0.07299057394266129
5 0.7999880313873291 0.5262477397918701 0.031365375965833664 0.08881216496229172
11 0.18962524831295013 0.26441946625709534 0.013306524604558945 0.07401815801858902
5 0.9508700966835022 0.3264981806278229 0.03198261186480522 0.10532239824533463
14 0.5214855074882507 0.37651851773262024 0.026343518868088722 0.11518331617116928
11 0.5161186456680298 0.5952624678611755 0.016638150438666344 0.07069507986307144
11 0.18902219831943512 0.7598103284835815 0.015457241795957088 0.07677750289440155
11 0.2178080976009369 0.2634705603122711 0.014357100240886211 0.07290847599506378
11 0.8071242570877075 0.7566750645637512 0.015526551753282547 0.07783233374357224
11 0.8338111639022827 0.7065099477767944 0.015103713609278202 0.06854317337274551
11 0.7276370525360107 0.785675048828125 0.014720529317855835 0.08087672293186188
11 0.4276113212108612 0.5915501713752747 0.016978617757558823 0.07736963778734207
11 0.8889713883399963 0.11838077753782272 0.015399153344333172 0.07416879385709763
5 0.5318909287452698 0.9250022768974304 0.04821319878101349 0.10969512164592743
8 0.09710325300693512 0.2303839772939682 0.00943498220294714 0.153190016746521
14 0.6538563370704651 0.26351964473724365 0.025947555899620056 0.12279291450977325
8 0.07858767360448837 0.19823318719863892 0.008996603079140186 0.1476297229528427
11 0.15353335440158844 0.26618555188179016 0.015687473118305206 0.07225361466407776
11 0.2178216278553009 0.7137803435325623 0.013841967098414898 0.06363742053508759
11 0.33718228340148926 0.2641284167766571 0.014768315479159355 0.07661347836256027
11 0.7806852459907532 0.7567216753959656 0.015079338103532791 0.07558731734752655
5 0.826776921749115 0.5353058576583862 0.03193621709942818 0.09438468515872955
11 0.780072808265686 0.9557163119316101 0.014764896593987942 0.06502364575862885
11 0.9429906606674194 0.17549826204776764 0.014532072469592094 0.07688473165035248
8 0.08860576897859573 0.8489353656768799 0.009614622220396996 0.15162940323352814
5 0.9232954978942871 0.3276444971561432 0.03097832389175892 0.10245753824710846
11 0.2813882827758789 0.2646424472332001 0.015148294158279896 0.07687320560216904
11 0.6926261186599731 0.11847897619009018 0.014230362139642239 0.07201089709997177
11 0.15385550260543823 0.958323061466217 0.01585288532078266 0.07202912867069244
5 0.31832239031791687 0.9019224643707275 0.03222807124257088 0.1312638819217682
11 0.42784252762794495 0.7860058546066284 0.015676723793148994 0.07780105620622635
11 0.1720997840166092 0.2651459872722626 0.014297585934400558 0.07840539515018463
11 0.44958388805389404 0.2611682415008545 0.013909367844462395 0.07565714418888092
11 0.5380299091339111 0.2599056363105774 0.0144556425511837 0.0729520246386528
11 0.6483497619628906 0.141989603638649 0.015758339315652847 0.07425671815872192
11 0.6264462471008301 0.14132575690746307 0.014532685279846191 0.069044329226017
5 0.4884435534477234 0.9221972823143005 0.04721641167998314 0.10755569487810135
11 0.6711108684539795 0.14198699593544006 0.015519714914262295 0.07293148338794708
0 0.4045397937297821 0.5506492853164673 0.005728912074118853 0.7242079973220825
5 0.8423371315002441 0.3192874789237976 0.03125697746872902 0.11503088474273682
11 0.9430298805236816 0.5540610551834106 0.014351489022374153 0.06271251291036606
11 0.8610086441040039 0.142353817820549 0.015657439827919006 0.07330670952796936
0 0.757796585559845 0.5485891103744507 0.006807034835219383 0.716627299785614
5 0.9506518840789795 0.8802773356437683 0.030952204018831253 0.12024176120758057
11 0.23538732528686523 0.2644254267215729 0.014386615715920925 0.07836870849132538
8 0.09729834645986557 0.7617077827453613 0.009462358430027962 0.16316400468349457
11 0.8341501355171204 0.6329847574234009 0.014677952975034714 0.06262130290269852
8 0.09584049880504608 0.21922466158866882 0.008707458153367043 0.14423911273479462
11 0.780616283416748 0.17516271770000458 0.015289483591914177 0.07553167641162872
5 0.7881832718849182 0.3243839144706726 0.0324724018573761 0.10632195323705673
5 0.34592461585998535 0.8768661022186279 0.03206931799650192 0.1340852677822113
11 0.3372376561164856 0.6287943124771118 0.0162113755941391 0.06752580404281616
11 0.9425935745239258 0.6244189739227295 0.01583981327712536 0.0633709654211998
5 0.24140878021717072 0.5318624973297119 0.038778118789196014 0.10819579660892487
11 0.21753264963626862 0.6992561221122742 0.014180454425513744 0.06694590300321579
5 0.17450961470603943 0.39627593755722046 0.02102089487016201 0.10652080923318863
5 0.8157922029495239 0.32851895689964294 0.03061678074300289 0.09830653667449951
5 0.2394726276397705 0.41111716628074646 0.02469443716108799 0.09945619851350784
14 0.2198771983385086 0.3858442008495331 0.021083060652017593 0.10690084844827652
5 0.2378334403038025 0.3978293836116791 0.020983504131436348 0.09742041677236557
11 0.9159485101699829 0.20692652463912964 0.015510143712162971 0.08194727450609207
8 0.10529299080371857 0.3399350643157959 0.008254622109234333 0.16870664060115814
11 0.8344377875328064 0.6935238242149353 0.014724348671734333 0.0657767802476883
11 0.33759093284606934 0.5535344481468201 0.01749134622514248 0.06585463881492615
11 0.8079303503036499 0.20190148055553436 0.015139548107981682 0.08411546796560287
0 0.9918738603591919 0.5459166169166565 0.005967536009848118 0.7290626764297485
14 0.15664181113243103 0.3874503970146179 0.021004721522331238 0.11274583637714386
0 0.024718210101127625 0.5522593259811401 0.004246353171765804 0.7422459125518799
5 0.34616270661354065 0.39620232582092285 0.03314381092786789 0.11270836740732193
11 0.5156210064888 0.5811213850975037 0.015719205141067505 0.07152576744556427
5 0.17666888236999512 0.5420219898223877 0.03799059987068176 0.11856631934642792
