14 0.8380493521690369 0.09750837832689285 0.02209167741239071 0.10139397531747818
14 0.8184217810630798 0.10241012275218964 0.023072095587849617 0.09972483664751053
1 0.043492112308740616 0.7097902894020081 0.028537537902593613 0.1799343377351761
14 0.48797622323036194 0.7443664073944092 0.025305552408099174 0.1144169345498085
14 0.6638321876525879 0.1626635491847992 0.02481803297996521 0.10638351738452911
14 0.3917233645915985 0.05390915274620056 0.021431278437376022 0.10781830549240112
14 0.4669415354728699 0.7455336451530457 0.024252483621239662 0.11654375493526459
13 0.10658157616853714 0.2420080304145813 0.011419348418712616 0.16262352466583252
5 0.28119421005249023 0.6295573711395264 0.03371160849928856 0.09902306646108627
14 0.43565091490745544 0.09667690098285675 0.02368886023759842 0.13787922263145447
11 0.32000789046287537 0.6636231541633606 0.015092994086444378 0.0695497989654541
14 0.7986295223236084 0.10424865782260895 0.023725319653749466 0.1048082485795021
11 0.144349604845047 0.590477466583252 0.016047615557909012 0.0667363703250885
5 0.8725318908691406 0.894960880279541 0.03577844053506851 0.11181166768074036
14 0.787090003490448 0.7773582339286804 0.02394327148795128 0.1256752908229828
11 0.23192325234413147 0.6647457480430603 0.01398323941975832 0.06789447367191315
14 0.4138907492160797 0.08218003809452057 0.025296762585639954 0.1337319165468216
14 0.7197492718696594 0.1109360083937645 0.024471959099173546 0.12821508944034576
11 0.5467100739479065 0.24050718545913696 0.015021150931715965 0.0678190216422081
14 0.7589861750602722 0.14898799359798431 0.02426867187023163 0.13950742781162262
13 0.07923883199691772 0.7665494680404663 0.011079775169491768 0.15483300387859344
11 0.3767890930175781 0.21383874118328094 0.014921795576810837 0.07246511429548264
11 0.5048552751541138 0.18904702365398407 0.014387883245944977 0.0741099864244461
14 0.42489975690841675 0.8918834924697876 0.02391093783080578 0.1331496387720108
18 0.042867161333560944 0.20970381796360016 0.025770749896764755 0.36770594120025635
14 0.7398152351379395 0.13815712928771973 0.02303922362625599 0.13461288809776306
11 0.8936174511909485 0.6096979975700378 0.015036264434456825 0.07655439525842667
11 0.822519838809967 0.6096693873405457 0.015381756238639355 0.07204408943653107
11 0.9250001311302185 0.329948753118515 0.015396286733448505 0.07301884889602661
11 0.764025092124939 0.6817985773086548 0.01392023079097271 0.06868331879377365
14 0.5097904205322266 0.7489272952079773 0.024560170248150826 0.10812641680240631
14 0.4783334732055664 0.06804393976926804 0.024296969175338745 0.09729307144880295
14 0.49929529428482056 0.06677202135324478 0.025672033429145813 0.09956961125135422
13 0.07020886242389679 0.12260455638170242 0.01189892366528511 0.15467442572116852
11 0.956514835357666 0.7347931265830994 0.015003615990281105 0.07375115156173706
11 0.41969290375709534 0.6107938289642334 0.014516097493469715 0.0701780766248703
5 0.568877637386322 0.1291232854127884 0.03683586046099663 0.0994829460978508
11 0.14432181417942047 0.27174869179725647 0.014927580021321774 0.06954260915517807
11 0.46187517046928406 0.21555925905704498 0.01465283241122961 0.07367781549692154
11 0.7634835243225098 0.38484513759613037 0.014393623918294907 0.06981075555086136
5 0.9039875268936157 0.8784274458885193 0.03647579252719879 0.11393410712480545
5 0.5583071708679199 0.8342799544334412 0.03865243121981621 0.1219923123717308
11 0.8416991233825684 0.2629382908344269 0.015538806095719337 0.07431475818157196
13 0.07026143372058868 0.6831803321838379 0.01157457660883665 0.15461547672748566
11 0.44041022658348083 0.3399190604686737 0.015197215601801872 0.07133166491985321
11 0.20342512428760529 0.7335442304611206 0.015475260093808174 0.0725230723619461
11 0.29047924280166626 0.7301039695739746 0.015256681479513645 0.07521863281726837
11 0.925517737865448 0.684373140335083 0.01623804308474064 0.07789081335067749
14 0.7587594389915466 0.5347907543182373 0.0251150019466877 0.10617569088935852
5 0.9452524781227112 0.17688895761966705 0.03528899326920509 0.11197414249181747
11 0.6481523513793945 0.33227068185806274 0.015509432181715965 0.07037323713302612
11 0.17352785170078278 0.6133338212966919 0.015051601454615593 0.07435724884271622
5 0.21257394552230835 0.39296862483024597 0.032358318567276 0.08850882947444916
5 0.9352139234542847 0.8567488789558411 0.03501570224761963 0.11364338546991348
11 0.39822232723236084 0.3337264358997345 0.015373729169368744 0.07108047604560852
11 0.7831240892410278 0.6606569886207581 0.014260431751608849 0.06621336936950684
11 0.4826274514198303 0.6123871803283691 0.01534233707934618 0.07070910930633545
11 0.4620148837566376 0.5844413638114929 0.013973238877952099 0.06414578855037689
11 0.7827900052070618 0.261331707239151 0.015276637859642506 0.07153492420911789
11 0.48279955983161926 0.34057629108428955 0.01481082383543253 0.06862539798021317
11 0.14418235421180725 0.7123578190803528 0.015134532935917377 0.07003850489854813
11 0.7436037063598633 0.6613267064094543 0.014895268715918064 0.07392328977584839
5 0.18289786577224731 0.8404785990715027 0.03372820094227791 0.10115215927362442
5 0.6365113258361816 0.1614800989627838 0.03831653296947479 0.10451461374759674
5 0.15298675000667572 0.8401110172271729 0.03312833234667778 0.10488220304250717
11 0.5805869698524475 0.2608957588672638 0.01513537298887968 0.07521703094244003
11 0.2039950042963028 0.26849472522735596 0.014081967994570732 0.07338834553956985
5 0.8840197324752808 0.18035686016082764 0.034256014972925186 0.10091407597064972
11 0.8939514756202698 0.31216028332710266 0.015331439673900604 0.06691281497478485
13 0.07915156334638596 0.19559749960899353 0.013000297360122204 0.15279114246368408
11 0.8022878766059875 0.23942218720912933 0.01497338991612196 0.0709092989563942
11 0.7047627568244934 0.25905123353004456 0.01446972694247961 0.07911241799592972
11 0.5472679138183594 0.7332776784896851 0.015734154731035233 0.07723058015108109
14 0.5203679800033569 0.06739509105682373 0.02462797611951828 0.10223202407360077
11 0.6144205927848816 0.6332476735115051 0.015628810971975327 0.077423095703125
5 0.2124410718679428 0.8428686857223511 0.034615904092788696 0.09477309137582779
11 0.8616904616355896 0.2822365164756775 0.015692537650465965 0.0732693150639534
11 0.4401317834854126 0.6383273005485535 0.014219262637197971 0.07232630252838135
11 0.525516152381897 0.612294614315033 0.015051870606839657 0.07395560294389725
14 0.9723103046417236 0.15453177690505981 0.025335554033517838 0.11036942899227142
14 0.3929091691970825 0.9365390539169312 0.04657558724284172 0.1269218921661377
11 0.8032546043395996 0.6371275782585144 0.0155029296875 0.07387915998697281
11 0.8624842762947083 0.7810919284820557 0.015150980092585087 0.07170005887746811
11 0.4631916284561157 0.5921468734741211 0.014478113502264023 0.07025782018899918
5 0.18246561288833618 0.3907160758972168 0.033397577702999115 0.08985798805952072
11 0.7042432427406311 0.8795221447944641 0.01771678775548935 0.07596173137426376
11 0.9562540650367737 0.3338930010795593 0.015305697917938232 0.07064016163349152
11 0.8225748538970947 0.21483616530895233 0.014501253142952919 0.07119961082935333
11 0.5807510018348694 0.5610856413841248 0.015557058155536652 0.06310447305440903
11 0.7249890565872192 0.38236480951309204 0.0148002402856946 0.07423526793718338
11 0.4198904037475586 0.2409428358078003 0.013739009387791157 0.06966482847929001
5 0.15342114865779877 0.3908657133579254 0.03326091915369034 0.09590442478656769
11 0.9761389493942261 0.28565874695777893 0.014906659722328186 0.0686625987291336
11 0.2316707819700241 0.16522151231765747 0.013844666071236134 0.06210634484887123
11 0.5256379246711731 0.34088870882987976 0.014578836970031261 0.07414587587118149
11 0.17318813502788544 0.1749679446220398 0.014209655113518238 0.07068303972482681
11 0.7421291470527649 0.2831174433231354 0.016508283093571663 0.06935455650091171
13 0.0970524251461029 0.16697102785110474 0.010786029510200024 0.1621164083480835
0 0.3614629805088043 0.4835580587387085 0.006272113416343927 0.7781673669815063
11 0.20320285856723785 0.6321733593940735 0.014602425508201122 0.07060034573078156
13 0.10608961433172226 0.8024301528930664 0.012872027233242989 0.16197393834590912
11 0.2615657448768616 0.8363417983055115 0.015229213051497936 0.06985168159008026
11 0.5049548149108887 0.6417262554168701 0.015576386824250221 0.07295271754264832
11 0.6145936250686646 0.29378727078437805 0.01327754557132721 0.07801111042499542
11 0.37707996368408203 0.8324745893478394 0.014775082468986511 0.07720305770635605
5 0.7285433411598206 0.5288826823234558 0.042446162551641464 0.10632219165563583
13 0.0891122967004776 0.6699928641319275 0.011634091846644878 0.16274592280387878
11 0.6689188480377197 0.28739413619041443 0.014538341201841831 0.0707409456372261
14 0.8078733682632446 0.7645393013954163 0.02299971505999565 0.12181130051612854
5 0.3917864263057709 0.9472808241844177 0.04451810568571091 0.10543829202651978
13 0.08922136574983597 0.09449367225170135 0.01162401307374239 0.1567588597536087
11 0.17347116768360138 0.16420765221118927 0.015207260847091675 0.07019130140542984
0 0.6859349608421326 0.47414201498031616 0.006394699681550264 0.7388147115707397
0 0.0241704061627388 0.4795973598957062 0.004895808175206184 0.7832587361335754
13 0.6013950705528259 0.2828410267829895 0.01148519292473793 0.1610170304775238
0 0.992256760597229 0.47838008403778076 0.005701966118067503 0.7502893805503845
13 0.09681499749422073 0.7064006924629211 0.010672872886061668 0.1819056272506714
13 0.09758337587118149 0.7446164488792419 0.01110099907964468 0.13808760046958923
