18 0.035814929753541946 0.5301787257194519 0.022660283371806145 0.24170543253421783
1 0.035503748804330826 0.7923964262008667 0.02338949590921402 0.12354891002178192
8 0.05733046680688858 0.5040677189826965 0.006948946975171566 0.08710703253746033
5 0.9051317572593689 0.7847766876220703 0.0418170802295208 0.08309356123209
5 0.8677483201026917 0.7903075814247131 0.04211463779211044 0.08491579443216324
11 0.41571909189224243 0.8315057158470154 0.01150148268789053 0.039401810616254807
11 0.5540708303451538 0.9425255060195923 0.01153200026601553 0.04193180799484253
11 0.9567741751670837 0.929338276386261 0.013361803255975246 0.042469728738069534
11 0.4149881601333618 0.9434095621109009 0.011298385448753834 0.03835374861955643
11 0.9571202397346497 0.8213266134262085 0.012745685875415802 0.04374029114842415
11 0.6225361824035645 0.9414301514625549 0.013435839675366879 0.04186847433447838
11 0.16371309757232666 0.9550654292106628 0.011850761249661446 0.04041031375527382
11 0.34276703000068665 0.9445145726203918 0.01171942986547947 0.04303712770342827
6 0.5291599631309509 0.7881975173950195 0.0116432448849082 0.1180262640118599
11 0.5203134417533875 0.5692927837371826 0.01306913886219263 0.03870533034205437
6 0.5294303894042969 0.5161848068237305 0.011365866288542747 0.11752845346927643
11 0.9191818237304688 0.5899200439453125 0.013482676818966866 0.04436308145523071
11 0.55417799949646 0.8328642845153809 0.01145459059625864 0.040443021804094315
5 0.28927361965179443 0.7704020738601685 0.041736703366041183 0.0654531940817833
8 0.05623278021812439 0.8203427195549011 0.00672555947676301 0.07851219177246094
11 0.6231151819229126 0.6356263756752014 0.01371289137750864 0.036778613924980164
5 0.9426769018173218 0.5242186784744263 0.041308723390102386 0.06557559221982956
11 0.5208806395530701 0.8344784379005432 0.013034270144999027 0.04034905880689621
11 0.3435690402984619 0.8324326276779175 0.011301512829959393 0.03995353728532791
11 0.30427712202072144 0.5888397097587585 0.011739448644220829 0.037561822682619095
11 0.8447803258895874 0.6372597813606262 0.013456348329782486 0.039395399391651154
11 0.7104336023330688 0.6351276636123657 0.012479893863201141 0.037851713597774506
11 0.6222673654556274 0.8367505669593811 0.013484363444149494 0.0418015755712986
11 0.7854183316230774 0.6375934481620789 0.013269597664475441 0.03671598806977272
11 0.2661636471748352 0.8514299392700195 0.013052275404334068 0.04229489713907242
11 0.3428444564342499 0.6372882127761841 0.011256743222475052 0.03454156965017319
11 0.5541009902954102 0.6362895369529724 0.012699337676167488 0.03490005433559418
11 0.30444586277008057 0.8481652140617371 0.012403110973536968 0.04425761103630066
5 0.32753753662109375 0.7678999304771423 0.043100692331790924 0.0658949539065361
11 0.8823100924491882 0.8952794671058655 0.013103899545967579 0.04713212698698044
5 0.24995683133602142 0.7772175073623657 0.043947041034698486 0.06934322416782379
11 0.3431658446788788 0.5722888708114624 0.011962128803133965 0.03516090661287308
11 0.9568272829055786 0.6756253242492676 0.013188380748033524 0.046466656029224396
11 0.44918060302734375 0.8366133570671082 0.012527655810117722 0.039197009056806564
5 0.32746151089668274 0.5080677270889282 0.04195285588502884 0.06062840297818184
11 0.6228175163269043 0.5712771415710449 0.013533213175833225 0.03919969126582146
11 0.163479745388031 0.8495873212814331 0.012151761911809444 0.0435941144824028
11 0.16360995173454285 0.651332437992096 0.012460106983780861 0.03435791656374931
11 0.4154488742351532 0.633646547794342 0.012841916643083096 0.035753343254327774
11 0.919333815574646 0.8962470293045044 0.013782684691250324 0.04857702553272247
11 0.8445063233375549 0.5763413906097412 0.01333199255168438 0.04239806532859802
8 0.07176964730024338 0.5170753598213196 0.007899646647274494 0.08998137712478638
11 0.8447937369346619 0.8966365456581116 0.013239298015832901 0.04620229825377464
11 0.5540858507156372 0.5695300102233887 0.013215634040534496 0.03761853277683258
8 0.06290305405855179 0.7694050073623657 0.00827265065163374 0.08400146663188934
11 0.44965335726737976 0.634808361530304 0.012784961611032486 0.03217117115855217
11 0.4492986798286438 0.942547619342804 0.012553767301142216 0.039142053574323654
11 0.7853378057479858 0.8952827453613281 0.013392048887908459 0.04484681412577629
11 0.7106139063835144 0.8941921591758728 0.012637432664632797 0.044099707156419754
11 0.7102442979812622 0.5737660527229309 0.013016698881983757 0.0406804233789444
0 0.6873003840446472 0.6604886054992676 0.006162102799862623 0.42255261540412903
5 0.9417654871940613 0.7639607191085815 0.04000033065676689 0.07249470055103302
11 0.1011192575097084 0.8483761548995972 0.012196933850646019 0.04447797313332558
11 0.16355109214782715 0.5912227630615234 0.012701459228992462 0.039251960813999176
8 0.056002177298069 0.496578574180603 0.006736901588737965 0.09189458936452866
11 0.520280659198761 0.6325970888137817 0.013467608951032162 0.04020222648978233
11 0.30432966351509094 0.6388939619064331 0.01227402314543724 0.036773134022951126
11 0.10113955289125443 0.5901110172271729 0.012355586513876915 0.03771090507507324
11 0.41569292545318604 0.5632027387619019 0.010864339768886566 0.03586111217737198
11 0.784946858882904 0.5618002414703369 0.01360398530960083 0.03999895602464676
8 0.06677795201539993 0.4817163050174713 0.007764377631247044 0.09766808152198792
8 0.06276053190231323 0.4550739526748657 0.008149192668497562 0.09231003373861313
11 0.7852303385734558 0.5714105367660522 0.013574991375207901 0.044883742928504944
0 0.9898133277893066 0.6608242392539978 0.006068591959774494 0.42300742864608765
11 0.22626690566539764 0.591317355632782 0.01255025900900364 0.03878088295459747
11 0.710548996925354 0.5618458986282349 0.012145071290433407 0.03568091243505478
11 0.9192718267440796 0.6427114605903625 0.013616170734167099 0.04399193823337555
11 0.16418026387691498 0.642876148223877 0.012339165434241295 0.040140751749277115
11 0.22687140107154846 0.6426286101341248 0.012664509005844593 0.04235269874334335
8 0.07132888585329056 0.8291260600090027 0.007787163835018873 0.08971203863620758
11 0.10167437046766281 0.6426877379417419 0.012261456809937954 0.04050871357321739
11 0.22633276879787445 0.8483417630195618 0.011997991241514683 0.04467165097594261
0 0.01946275494992733 0.4385126829147339 0.005901926662772894 0.8693649172782898
0 0.01995893381536007 0.6679642200469971 0.004484817385673523 0.4049389958381653
11 0.91928631067276 0.6595687866210938 0.015449673868715763 0.046857960522174835
11 0.22637991607189178 0.9523581862449646 0.011706074699759483 0.04967253655195236
11 0.3418198823928833 0.5540969967842102 0.015468522906303406 0.040168311446905136
