18 0.03562909737229347 0.517183244228363 0.02268742211163044 0.2278963178396225
6 0.545448362827301 0.5365495681762695 0.011303526349365711 0.11391888558864594
6 0.5452551245689392 0.7775828838348389 0.012345693074166775 0.12255967408418655
1 0.03557784855365753 0.802994430065155 0.023812532424926758 0.12352217733860016
5 0.8644788861274719 0.7886302471160889 0.03778212144970894 0.06656760722398758
8 0.056084323674440384 0.8281784653663635 0.006998181343078613 0.08180290460586548
5 0.9313664436340332 0.4996848702430725 0.03636596351861954 0.059853844344615936
8 0.05681711435317993 0.49607840180397034 0.006782242562621832 0.08140325546264648
11 0.9100512266159058 0.859684407711029 0.013302291743457317 0.039252426475286484
11 0.7899048924446106 0.8611268401145935 0.012986072339117527 0.04543226212263107
5 0.3613511323928833 0.7768793702125549 0.04695221781730652 0.06716631352901459
5 0.27251124382019043 0.8010268211364746 0.048368945717811584 0.0717562660574913
5 0.3633185625076294 0.5081623792648315 0.048043835908174515 0.06477558612823486
11 0.24604105949401855 0.6163263320922852 0.013244139030575752 0.036408085376024246
11 0.8765407800674438 0.8583348393440247 0.01248952280730009 0.043721482157707214
11 0.9433323740959167 0.9449828863143921 0.013687432743608952 0.04152873158454895
5 0.9310400485992432 0.7833533883094788 0.03488904610276222 0.06365966796875
11 0.7901222705841064 0.9616566896438599 0.013085078448057175 0.04097418114542961
11 0.1734359860420227 0.6175379157066345 0.01188826933503151 0.03270735591650009
11 0.10143134742975235 0.6168383955955505 0.012566476128995419 0.034378692507743835
5 0.31743595004081726 0.787778913974762 0.04966289922595024 0.07288956642150879
5 0.8979945778846741 0.7867090106010437 0.037117425352334976 0.0647667646408081
11 0.7235499024391174 0.8626545667648315 0.01274176873266697 0.041162263602018356
11 0.8434884548187256 0.8630857467651367 0.012691287323832512 0.04502568766474724
11 0.9100989103317261 0.5708184242248535 0.013185171410441399 0.03952647000551224
11 0.3813380300998688 0.5853908658027649 0.012807237915694714 0.039365675300359726
11 0.44010499119758606 0.8244813680648804 0.012250903993844986 0.04181508347392082
11 0.3360561430454254 0.5668362379074097 0.011577694676816463 0.033443521708250046
11 0.7239490747451782 0.6261904239654541 0.012684323824942112 0.035255905240774155
11 0.7899503111839294 0.5663893222808838 0.01243403647094965 0.03665987029671669
11 0.4409292936325073 0.5839830636978149 0.01145448163151741 0.03654297813773155
11 0.6334758400917053 0.5853328704833984 0.012979544699192047 0.042059991508722305
11 0.4406854808330536 0.9327791333198547 0.012617114931344986 0.04192038252949715
11 0.7240343689918518 0.9599236249923706 0.013375403359532356 0.040275201201438904
11 0.8433010578155518 0.9620960354804993 0.013289670459926128 0.043272487819194794
11 0.9429789185523987 0.8454047441482544 0.012232271954417229 0.03965623304247856
11 0.9100620150566101 0.6305912137031555 0.013473156839609146 0.035704027861356735
11 0.6332937479019165 0.9310963153839111 0.013188380748033524 0.0398210808634758
11 0.7902759909629822 0.6302322149276733 0.013144861906766891 0.036438655108213425
11 0.632976233959198 0.8314377069473267 0.013242942281067371 0.04210476949810982
11 0.4776284396648407 0.6760393977165222 0.01284490805119276 0.03504710644483566
11 0.33623576164245605 0.8675943613052368 0.012630388140678406 0.038861751556396484
11 0.4771572947502136 0.5853052735328674 0.012399873696267605 0.04030730947852135
11 0.8431127667427063 0.5680220127105713 0.012694550678133965 0.03641008585691452
11 0.24562956392765045 0.540363609790802 0.01346301194280386 0.03868895396590233
11 0.4771106243133545 0.8250111937522888 0.011974532157182693 0.041466567665338516
11 0.7233709096908569 0.5663337111473083 0.012308701872825623 0.038617558777332306
8 0.0720740556716919 0.5112738609313965 0.008313320577144623 0.07851531356573105
11 0.440173476934433 0.674609899520874 0.012172515504062176 0.03944430127739906
11 0.24574440717697144 0.8723843097686768 0.013280396349728107 0.04558023437857628
11 0.9428961277008057 0.6211775541305542 0.012623941525816917 0.034952424466609955
11 0.33632028102874756 0.6229448914527893 0.011802306398749352 0.03203899413347244
11 0.5743123888969421 0.6714645624160767 0.013306316919624805 0.0449490062892437
11 0.5359200835227966 0.5855415463447571 0.011636934243142605 0.03894796967506409
11 0.8428961038589478 0.6310663223266602 0.012929879128932953 0.03825078532099724
8 0.07208036631345749 0.8384512662887573 0.008469321765005589 0.07674109190702438
11 0.33587613701820374 0.6453069448471069 0.012621494010090828 0.030749768018722534
0 0.019705627113580704 0.6816779375076294 0.003991562407463789 0.39226457476615906
11 0.29053881764411926 0.8725756406784058 0.011637016199529171 0.042758818715810776
11 0.6335687041282654 0.6723151803016663 0.013777299784123898 0.038380805402994156
11 0.47750794887542725 0.9317823648452759 0.012969208881258965 0.042825035750865936
11 0.5362145304679871 0.6424611806869507 0.012390462681651115 0.027306359261274338
8 0.062433138489723206 0.44629213213920593 0.008487517945468426 0.0800963044166565
11 0.17342694103717804 0.5390013456344604 0.012104748748242855 0.036955248564481735
11 0.5367947816848755 0.837589681148529 0.013701032847166061 0.04295213147997856
11 0.5732987523078918 0.596589207649231 0.01253353152424097 0.03744322061538696
11 0.17363587021827698 0.5685806274414062 0.011813213117420673 0.029808493331074715
11 0.6332403421401978 0.6455414891242981 0.013459611684083939 0.03423979878425598
0 0.7037931680679321 0.6584636569023132 0.006706033833324909 0.44726404547691345
11 0.9427087903022766 0.5616940855979919 0.012228681705892086 0.03611958026885986
11 0.38161328434944153 0.8248067498207092 0.012789176777005196 0.04133808612823486
11 0.17277613282203674 0.5945995450019836 0.013366087339818478 0.03570156544446945
11 0.4775943458080292 0.5952182412147522 0.013613233342766762 0.03834187611937523
11 0.17330141365528107 0.8728203773498535 0.012132111005485058 0.04406912624835968
0 0.988996684551239 0.671495258808136 0.005017068237066269 0.4227953851222992
0 0.01936652697622776 0.4303778111934662 0.006158716510981321 0.8439582586288452
11 0.5737619996070862 0.9333593249320984 0.01231882069259882 0.03861648216843605
0 0.9899036288261414 0.6646217107772827 0.0058979978784918785 0.41340094804763794
11 0.5737619400024414 0.5861116051673889 0.013395694084465504 0.04306415095925331
11 0.3812602758407593 0.9357466101646423 0.013389709405601025 0.039097171276807785
11 0.4396233558654785 0.6487564444541931 0.012028494849801064 0.03173007443547249
11 0.7236911058425903 0.5948439240455627 0.01385916955769062 0.037048134952783585
11 0.33654698729515076 0.6557979583740234 0.012290043756365776 0.03281044960021973
11 0.7245857119560242 0.6311646699905396 0.014786392450332642 0.03884723410010338
11 0.10138412564992905 0.5685243010520935 0.012524629943072796 0.033909544348716736
