11 0.646224319934845 0.05108705163002014 0.01554805226624012 0.05965148285031319
18 0.04227357730269432 0.3173355162143707 0.027835194021463394 0.3569577634334564
11 0.5469164848327637 0.05357591062784195 0.015307636000216007 0.06170503422617912
11 0.4522765874862671 0.12325017899274826 0.016191691160202026 0.06571497023105621
1 0.041813332587480545 0.816972017288208 0.02853509597480297 0.18671321868896484
5 0.7100902199745178 0.9361125230789185 0.030535919591784477 0.10307008773088455
11 0.7297961115837097 0.7572975158691406 0.015602980740368366 0.06947629898786545
5 0.5984111428260803 0.8972359299659729 0.03129535913467407 0.10692368447780609
8 0.10703225433826447 0.32112792134284973 0.009782410226762295 0.1424129605293274
5 0.43333226442337036 0.2853003740310669 0.0308837890625 0.09582576155662537
5 0.38093164563179016 0.9254308938980103 0.029232680797576904 0.09986240416765213
8 0.1163296103477478 0.8326646089553833 0.010974127799272537 0.12238653004169464
5 0.8372654318809509 0.9225618839263916 0.029407110065221786 0.09798560291528702
5 0.25891193747520447 0.9425199627876282 0.02699526771903038 0.09602183103561401
11 0.37302395701408386 0.10221558809280396 0.01589660532772541 0.06693749129772186
8 0.11680867522954941 0.26061469316482544 0.009777789935469627 0.12191479653120041
11 0.8841566443443298 0.6670746803283691 0.014886920340359211 0.06131553277373314
5 0.6539740562438965 0.2757386267185211 0.03125801682472229 0.09024304151535034
11 0.47833871841430664 0.5975452661514282 0.015337764285504818 0.06096183508634567
11 0.2789041996002197 0.7581908106803894 0.016259869560599327 0.07130712270736694
5 0.5281801819801331 0.2700873017311096 0.03079712763428688 0.10067168623209
11 0.8845662474632263 0.167061910033226 0.01660778559744358 0.06904295086860657
11 0.4787267744541168 0.7603883147239685 0.016159063205122948 0.06746689230203629
5 0.8379285335540771 0.3572302758693695 0.03134213015437126 0.1105620414018631
5 0.7101365923881531 0.28426414728164673 0.031632620841264725 0.08441020548343658
11 0.3735070526599884 0.8316744565963745 0.015447033569216728 0.07316048443317413
8 0.10669534653425217 0.898559033870697 0.009075602516531944 0.1251596063375473
11 0.17897436022758484 0.7172263860702515 0.016337288543581963 0.07001983374357224
11 0.5208721160888672 0.07501501590013504 0.014657395891845226 0.06324991583824158
11 0.32860106229782104 0.07686185836791992 0.015740305185317993 0.06332790851593018
11 0.22882011532783508 0.21356071531772614 0.015103502199053764 0.06034991145133972
11 0.8298879265785217 0.8312668800354004 0.015000173822045326 0.06721114367246628
8 0.07785981893539429 0.20996251702308655 0.010087143629789352 0.12743546068668365
5 0.31007814407348633 0.2690480649471283 0.029322713613510132 0.10453514754772186
11 0.5908597111701965 0.8032011389732361 0.014839488081634045 0.06340516358613968
11 0.7575118541717529 0.643480658531189 0.01590440794825554 0.06514455378055573
11 0.30401885509490967 0.6462051272392273 0.01562679186463356 0.06390805542469025
5 0.7649564146995544 0.28712132573127747 0.0319223515689373 0.09018982946872711
11 0.6469405293464661 0.6485055088996887 0.01603737100958824 0.06106901541352272
5 0.15938417613506317 0.8943135142326355 0.02955780178308487 0.10078546404838562
11 0.7022051215171814 0.1007431149482727 0.015973340719938278 0.0631035566329956
11 0.8571794033050537 0.7382223606109619 0.016588926315307617 0.06687692552804947
11 0.5909920334815979 0.02946750819683075 0.01510659046471119 0.0589350163936615
0 0.5680144429206848 0.5523965954780579 0.006663511507213116 0.7508833408355713
11 0.5912293791770935 0.6466884016990662 0.016244923695921898 0.061950571835041046
11 0.520606517791748 0.7812155485153198 0.014236444607377052 0.061299338936805725
11 0.42524346709251404 0.19303300976753235 0.015182972885668278 0.06300792843103409
11 0.7021633386611938 0.8504093885421753 0.016044631600379944 0.06734136492013931
11 0.4259093105792999 0.6688098907470703 0.016518767923116684 0.0684768557548523
5 0.20969566702842712 0.32473617792129517 0.028830047696828842 0.09494564682245255
11 0.830277681350708 0.16454052925109863 0.015412166714668274 0.05784936621785164
11 0.2044074982404709 0.6476640105247498 0.0155640235170722 0.06378196179866791
8 0.09757548570632935 0.2342691272497177 0.009992031380534172 0.12786756455898285
11 0.20322208106517792 0.19889460504055023 0.015417859889566898 0.07068996131420135
11 0.2541520893573761 0.8513876795768738 0.01634320616722107 0.0740993395447731
11 0.4782375395298004 0.14578109979629517 0.016725141555070877 0.06746049970388412
11 0.619020938873291 0.7135711908340454 0.015294434502720833 0.06985394656658173
11 0.15382827818393707 0.10089325159788132 0.017107253894209862 0.06908434629440308
8 0.07774118334054947 0.7761408686637878 0.010372675955295563 0.12493964284658432
11 0.3734504282474518 0.21158504486083984 0.015315910801291466 0.061168283224105835
11 0.30386030673980713 0.14532682299613953 0.016919611021876335 0.06588085740804672
11 0.9112502932548523 0.19201429188251495 0.013941571116447449 0.06115201860666275
11 0.3995494246482849 0.7395054697990417 0.015868669375777245 0.06811290979385376
11 0.8572268486022949 0.14442178606987 0.016138458624482155 0.06888479739427567
11 0.253481388092041 0.19441741704940796 0.01537074614316225 0.0664508268237114
5 0.89179527759552 0.3161320686340332 0.0329095721244812 0.1236921027302742
11 0.7850543260574341 0.1460963785648346 0.015409856103360653 0.06257423758506775
8 0.08785117417573929 0.3099052608013153 0.009026313200592995 0.1212291568517685
11 0.15381643176078796 0.19073499739170074 0.016817767173051834 0.06798380613327026
11 0.7571687698364258 0.1945488601922989 0.015112106688320637 0.0625980794429779
9 0.9383735656738281 0.16990868747234344 0.015208291821181774 0.06373535096645355
5 0.7382705211639404 0.28697827458381653 0.03198892995715141 0.08482278883457184
8 0.06690589338541031 0.8507105112075806 0.008935904130339622 0.12497401237487793
8 0.06680648773908615 0.28451597690582275 0.009767481125891209 0.12477585673332214
11 0.1545984148979187 0.809363067150116 0.017178485170006752 0.07072994858026505
0 0.8068517446517944 0.5743035078048706 0.006548702251166105 0.7357059121131897
11 0.7298657894134521 0.1937483549118042 0.014188210479915142 0.06276704370975494
11 0.47860708832740784 0.25544825196266174 0.01627250574529171 0.07262151688337326
5 0.8642696738243103 0.33376815915107727 0.03117484413087368 0.11951501667499542
8 0.09632409363985062 0.8024104833602905 0.008487646467983723 0.12766176462173462
11 0.5204927921295166 0.61785888671875 0.01469973661005497 0.061832182109355927
9 0.9384459257125854 0.2860834300518036 0.016382034868001938 0.0757879689335823
9 0.9375314712524414 0.7733704447746277 0.013307408429682255 0.07890339940786362
11 0.6738377213478088 0.07519617676734924 0.015086174011230469 0.05976634845137596
8 0.08745300769805908 0.877695620059967 0.011021277867257595 0.11762136965990067
0 0.9922074675559998 0.5704357028007507 0.006457891780883074 0.7370112538337708
