18 0.03581075742840767 0.5120316743850708 0.023426128551363945 0.22556564211845398
6 0.7331105470657349 0.4808371365070343 0.011588135734200478 0.1039065569639206
6 0.6455358862876892 0.4843122959136963 0.01153496466577053 0.10705851018428802
1 0.03582587093114853 0.7978266477584839 0.023783471435308456 0.1193404346704483
6 0.7875974774360657 0.9021739959716797 0.010096951387822628 0.11125089973211288
7 0.2850258946418762 0.5123182535171509 0.01233206782490015 0.07872071117162704
6 0.7974441647529602 0.48380035161972046 0.011444839648902416 0.10818600654602051
6 0.6455250382423401 0.779895544052124 0.011176589876413345 0.1069183349609375
6 0.5723951458930969 0.4822695851325989 0.01135825365781784 0.10474789142608643
6 0.5719461441040039 0.7747769355773926 0.010745071806013584 0.10539560765028
6 0.18323932588100433 0.754902720451355 0.009051148779690266 0.1071770116686821
6 0.5354836583137512 0.7789416313171387 0.011553849093616009 0.1027807742357254
6 0.861763596534729 0.4885076880455017 0.01090964674949646 0.10274466872215271
6 0.5356237292289734 0.4829474091529846 0.01156440656632185 0.10208634287118912
8 0.0560830719769001 0.8240835666656494 0.007316109724342823 0.08136995136737823
7 0.8201161623001099 0.8128097057342529 0.012506302446126938 0.07466968894004822
6 0.4620720446109772 0.48789480328559875 0.011018220335245132 0.10239329934120178
5 0.3450842797756195 0.47189459204673767 0.03969679772853851 0.057973675429821014
11 0.2484840303659439 0.7962813377380371 0.011941012926399708 0.04160311445593834
7 0.75580233335495 0.5160920023918152 0.011781825684010983 0.0679803341627121
6 0.461950421333313 0.7808710336685181 0.010838216170668602 0.10604310035705566
5 0.9298378229141235 0.9195629954338074 0.034285321831703186 0.05382204055786133
6 0.10886623710393906 0.7522720694541931 0.010633273981511593 0.10317926108837128
8 0.05632754787802696 0.4911894202232361 0.006633831653743982 0.07742666453123093
11 0.32213902473449707 0.7981909513473511 0.012973439879715443 0.042449381202459335
6 0.2575002908706665 0.7532538175582886 0.009923206642270088 0.10747680813074112
11 0.10150991380214691 0.8972105979919434 0.012088940478861332 0.04097103700041771
6 0.10873465985059738 0.4948352873325348 0.010499998927116394 0.09664756804704666
7 0.21164222061634064 0.8093977570533752 0.01304312888532877 0.07213202118873596
5 0.34500208497047424 0.7340379357337952 0.03941135108470917 0.05898292735219002
7 0.8201048374176025 0.50868159532547 0.011987652629613876 0.0680718868970871
6 0.11038009822368622 0.7600945830345154 0.009669010527431965 0.10981626063585281
7 0.755583643913269 0.8134629726409912 0.012893520295619965 0.07237269729375839
11 0.3589169681072235 0.9238674640655518 0.010574075393378735 0.03796448931097984
7 0.2850428521633148 0.8098835945129395 0.013014556840062141 0.07410826534032822
11 0.9179662466049194 0.8526551723480225 0.012615147978067398 0.03808397054672241
7 0.2113652378320694 0.510362446308136 0.012652440927922726 0.07522443681955338
7 0.88369220495224 0.8104462027549744 0.01276437472552061 0.06962249428033829
7 0.4893845021724701 0.5097663402557373 0.012339985929429531 0.07438965141773224
11 0.9178850650787354 0.7493868470191956 0.012846008874475956 0.03803850710391998
11 0.8535333871841431 0.5349441766738892 0.012643611058592796 0.03293576091527939
7 0.13780823349952698 0.8096557855606079 0.012455266900360584 0.06889213621616364
7 0.6727825403213501 0.5103037357330322 0.010730595327913761 0.07236824929714203
6 0.8529213070869446 0.9114038348197937 0.011681361123919487 0.10075714439153671
11 0.6362813115119934 0.8262895345687866 0.01291104406118393 0.04136207699775696
5 0.9363317489624023 0.4682985544204712 0.03428657352924347 0.056182704865932465
11 0.5628843307495117 0.8243461847305298 0.013170640915632248 0.04002638906240463
11 0.32206740975379944 0.8920344114303589 0.01280527375638485 0.03699299320578575
11 0.8531490564346313 0.7956723570823669 0.012376014143228531 0.037252962589263916
11 0.24845758080482483 0.8950764536857605 0.012075437232851982 0.03861963376402855
11 0.6366927623748779 0.9266738295555115 0.012719367630779743 0.038429077714681625
11 0.9175719022750854 0.5367588996887207 0.012694768607616425 0.037922799587249756
11 0.24796561896800995 0.5620564818382263 0.011075799353420734 0.03508642315864563
7 0.4893076717853546 0.8102696537971497 0.011711511760950089 0.07031244784593582
11 0.32158780097961426 0.612946093082428 0.01164084393531084 0.03441436216235161
6 0.18327470123767853 0.49845176935195923 0.011618190445005894 0.09817634522914886
11 0.45368826389312744 0.82326740026474 0.011046301573514938 0.03871682286262512
11 0.45394182205200195 0.5361935496330261 0.012792756780982018 0.035528771579265594
7 0.6728681325912476 0.8121131658554077 0.011629278771579266 0.07277262955904007
7 0.8842395544052124 0.508617103099823 0.011318198405206203 0.06695148348808289
7 0.416079044342041 0.8127873539924622 0.01130715012550354 0.07253003865480423
11 0.2484956979751587 0.610360860824585 0.011517195031046867 0.03680963069200516
11 0.35933488607406616 0.8224613070487976 0.011823268607258797 0.0405394472181797
11 0.10169114172458649 0.6096531748771667 0.012414361350238323 0.03739846497774124
11 0.7879688143730164 0.7430980801582336 0.012141343206167221 0.0366562157869339
0 0.7058828473091125 0.6609699726104736 0.005722937174141407 0.4407317638397217
11 0.8532980680465698 0.8502703905105591 0.012118920683860779 0.0343063622713089
11 0.9178916811943054 0.7990804314613342 0.012572262436151505 0.033849116414785385
8 0.07230578362941742 0.5075395107269287 0.008348224684596062 0.07649262249469757
11 0.10223394632339478 0.7946275472640991 0.011211897246539593 0.036780767142772675
11 0.5628669261932373 0.9219958186149597 0.012530901469290257 0.036621302366256714
11 0.35930734872817993 0.5368242859840393 0.012429321184754372 0.03585474193096161
7 0.4161614179611206 0.5085093379020691 0.010152815841138363 0.06724124401807785
11 0.6361371874809265 0.5338061451911926 0.011886644177138805 0.034680746495723724
11 0.7243797183036804 0.5919240117073059 0.01342234667390585 0.03156779706478119
11 0.32218432426452637 0.5640658140182495 0.01208210363984108 0.03695611283183098
11 0.5271782875061035 0.8242809772491455 0.013005848973989487 0.03960840404033661
11 0.7883597612380981 0.7953325510025024 0.012980270199477673 0.03896210342645645
7 0.13785041868686676 0.512369692325592 0.012808416970074177 0.07655122131109238
11 0.562934398651123 0.5408322215080261 0.013712910003960133 0.03561261668801308
11 0.10547018051147461 0.5595099925994873 0.013753706589341164 0.03852409869432449
7 0.5993559956550598 0.8121414184570312 0.013199811801314354 0.08046896010637283
8 0.07212700694799423 0.8398196697235107 0.00819203071296215 0.07240279763936996
11 0.11076438426971436 0.5528646111488342 0.010651009157299995 0.033571403473615646
11 0.6363100409507751 0.5401300191879272 0.01236877590417862 0.03281218931078911
11 0.17445515096187592 0.796478807926178 0.012693217024207115 0.042274657636880875
11 0.35984477400779724 0.5422176122665405 0.011499181389808655 0.03191523253917694
11 0.7882190346717834 0.5405083894729614 0.013122041709721088 0.03387497738003731
11 0.5263953804969788 0.5915335416793823 0.013641180470585823 0.034303516149520874
6 0.2575097382068634 0.49907413125038147 0.012186051346361637 0.09217280894517899
11 0.17543065547943115 0.8962644338607788 0.013111851178109646 0.043480101972818375
11 0.45325300097465515 0.91886967420578 0.011677742004394531 0.042304810136556625
11 0.527424693107605 0.5372350215911865 0.013773863203823566 0.034347377717494965
11 0.8532202243804932 0.7475290894508362 0.011952387169003487 0.03904605284333229
0 0.01994152180850506 0.677095890045166 0.004177928436547518 0.40353652834892273
8 0.0623575896024704 0.44228991866111755 0.008793232962489128 0.07598716765642166
11 0.18376114964485168 0.5545907616615295 0.011608638800680637 0.03513643890619278
11 0.1814551204442978 0.5587133169174194 0.012537717819213867 0.03781712427735329
11 0.7240986824035645 0.7859789729118347 0.013580172322690487 0.03931796923279762
11 0.5645164847373962 0.5364896059036255 0.013562321662902832 0.03430760279297829
11 0.917708158493042 0.5749925971031189 0.012711748480796814 0.029240494593977928
11 0.5265743732452393 0.9197643995285034 0.012048987671732903 0.043186407536268234
11 0.722994863986969 0.5333389639854431 0.011556842364370823 0.03238877281546593
11 0.3207649290561676 0.5924079418182373 0.01385519839823246 0.03082735650241375
11 0.7242213487625122 0.7479104995727539 0.013417284935712814 0.043637290596961975
11 0.320774108171463 0.6547967195510864 0.011969883926212788 0.037788260728120804
0 0.01952447183430195 0.4296308159828186 0.00586009630933404 0.8424454927444458
11 0.7898036241531372 0.5363333821296692 0.01325510535389185 0.03353462740778923
8 0.061444252729415894 0.7708863615989685 0.008206364698708057 0.08088409900665283
11 0.35921066999435425 0.5719287991523743 0.011969910934567451 0.028261398896574974
11 0.17422164976596832 0.5632068514823914 0.012346312403678894 0.03438725695014
11 0.9181358218193054 0.7119560241699219 0.013094721361994743 0.03652353957295418
11 0.4536600410938263 0.56919926404953 0.013229199685156345 0.027036763727664948
11 0.6367059350013733 0.5678244233131409 0.01241889875382185 0.029439687728881836
11 0.3315896689891815 0.546600341796875 0.013990411534905434 0.03656719624996185
11 0.25743159651756287 0.5526168346405029 0.012619446963071823 0.03424149751663208
